 &plot nbnd= 100, nks=   100 /
            0.000000  0.000000  0.000000
  -15.761  -14.560  -14.536  -14.534  -14.529  -14.221  -14.221  -13.874  -13.873  -13.864
  -13.772  -13.601  -13.601  -13.344  -13.173  -13.171  -12.769  -12.767   -7.225   -6.968
   -6.967   -6.936   -6.935   -6.929   -6.724   -6.543   -6.541   -6.249   -5.931   -5.911
   -5.846   -5.844   -5.734   -5.734   -5.684   -5.618   -5.618   -5.433   -5.431   -5.319
   -5.317   -5.145   -4.763   -4.761   -4.726   -4.609   -4.373   -4.319   -4.318   -4.305
   -4.193   -3.810   -3.808   -3.727   -3.725   -3.382   -3.381   -3.364   -3.150   -3.079
   -3.079   -2.910   -2.909   -2.839   -2.686   -2.684   -2.614   -2.523   -2.522   -2.494
   -2.411   -2.409   -2.386   -1.885   -1.861   -1.859   -0.857   -0.856   -0.759   -0.440
   -0.440    0.634    0.697    1.009    1.021    1.023    1.096    1.113    1.116    1.184
    1.275    1.278    1.754    1.758    1.900    1.901    2.037    2.038    2.256    2.281
            0.013917 -0.008036  0.000000
  -15.761  -14.560  -14.550  -14.536  -14.514  -14.221  -14.220  -13.880  -13.874  -13.858
  -13.771  -13.601  -13.601  -13.344  -13.173  -13.172  -12.769  -12.767   -7.224   -6.968
   -6.967   -6.949   -6.936   -6.916   -6.725   -6.543   -6.541   -6.251   -5.939   -5.915
   -5.840   -5.839   -5.740   -5.734   -5.684   -5.616   -5.610   -5.433   -5.431   -5.319
   -5.317   -5.144   -4.763   -4.761   -4.726   -4.610   -4.375   -4.320   -4.318   -4.306
   -4.193   -3.811   -3.808   -3.727   -3.725   -3.393   -3.381   -3.354   -3.151   -3.078
   -3.077   -2.909   -2.908   -2.841   -2.688   -2.685   -2.613   -2.527   -2.521   -2.492
   -2.410   -2.408   -2.385   -1.885   -1.861   -1.859   -0.858   -0.856   -0.759   -0.441
   -0.440    0.635    0.698    1.008    1.020    1.022    1.092    1.115    1.121    1.184
    1.276    1.279    1.754    1.759    1.899    1.900    2.036    2.037    2.249    2.280
            0.027835 -0.016071  0.000000
  -15.760  -14.569  -14.560  -14.537  -14.499  -14.219  -14.218  -13.890  -13.874  -13.849
  -13.769  -13.601  -13.600  -13.343  -13.173  -13.172  -12.769  -12.767   -7.224   -6.969
   -6.967   -6.962   -6.937   -6.901   -6.727   -6.542   -6.539   -6.259   -5.957   -5.926
   -5.829   -5.827   -5.753   -5.732   -5.682   -5.612   -5.590   -5.432   -5.429   -5.317
   -5.315   -5.142   -4.763   -4.760   -4.725   -4.611   -4.379   -4.322   -4.318   -4.307
   -4.193   -3.812   -3.807   -3.727   -3.724   -3.412   -3.381   -3.339   -3.155   -3.075
   -3.070   -2.907   -2.905   -2.847   -2.692   -2.690   -2.612   -2.536   -2.516   -2.486
   -2.410   -2.400   -2.383   -1.884   -1.862   -1.858   -0.861   -0.857   -0.757   -0.444
   -0.441    0.638    0.699    1.004    1.015    1.020    1.086    1.120    1.132    1.182
    1.277    1.283    1.753    1.760    1.899    1.899    2.034    2.036    2.235    2.277
            0.041752 -0.024107  0.000000
  -15.759  -14.588  -14.559  -14.539  -14.485  -14.217  -14.214  -13.900  -13.875  -13.840
  -13.766  -13.601  -13.599  -13.341  -13.174  -13.173  -12.770  -12.768   -7.223   -6.983
   -6.965   -6.962   -6.938   -6.887   -6.731   -6.541   -6.537   -6.272   -5.981   -5.940
   -5.817   -5.816   -5.768   -5.728   -5.675   -5.606   -5.564   -5.432   -5.427   -5.315
   -5.312   -5.139   -4.763   -4.758   -4.723   -4.614   -4.386   -4.327   -4.318   -4.310
   -4.193   -3.815   -3.806   -3.728   -3.723   -3.430   -3.381   -3.326   -3.159   -3.070
   -3.060   -2.905   -2.901   -2.856   -2.699   -2.697   -2.611   -2.546   -2.508   -2.480
   -2.412   -2.388   -2.380   -1.883   -1.863   -1.856   -0.865   -0.859   -0.754   -0.448
   -0.442    0.643    0.701    0.998    1.007    1.018    1.081    1.128    1.144    1.180
    1.280    1.288    1.751    1.762    1.897    1.898    2.031    2.033    2.219    2.271
            0.055670 -0.032142  0.000000
  -15.756  -14.609  -14.558  -14.543  -14.473  -14.214  -14.210  -13.911  -13.876  -13.832
  -13.761  -13.602  -13.598  -13.339  -13.175  -13.174  -12.770  -12.768   -7.221   -7.000
   -6.963   -6.959   -6.940   -6.874   -6.735   -6.541   -6.534   -6.288   -6.006   -5.956
   -5.819   -5.810   -5.770   -5.718   -5.665   -5.597   -5.537   -5.432   -5.424   -5.312
   -5.307   -5.134   -4.762   -4.756   -4.720   -4.618   -4.395   -4.333   -4.320   -4.314
   -4.192   -3.818   -3.804   -3.729   -3.722   -3.449   -3.380   -3.315   -3.162   -3.064
   -3.047   -2.902   -2.897   -2.865   -2.708   -2.706   -2.610   -2.558   -2.498   -2.473
   -2.416   -2.374   -2.373   -1.882   -1.864   -1.853   -0.870   -0.862   -0.750   -0.455
   -0.444    0.650    0.704    0.991    0.997    1.016    1.078    1.136    1.155    1.179
    1.284    1.296    1.748    1.765    1.895    1.896    2.027    2.030    2.203    2.264
            0.069587 -0.040178  0.000000
  -15.754  -14.630  -14.556  -14.547  -14.462  -14.209  -14.204  -13.922  -13.877  -13.824
  -13.755  -13.602  -13.597  -13.336  -13.177  -13.175  -12.770  -12.769   -7.220   -7.018
   -6.961   -6.956   -6.941   -6.862   -6.740   -6.540   -6.531   -6.307   -6.032   -5.973
   -5.837   -5.810   -5.754   -5.703   -5.652   -5.587   -5.508   -5.431   -5.420   -5.309
   -5.301   -5.128   -4.762   -4.753   -4.717   -4.622   -4.406   -4.341   -4.322   -4.319
   -4.191   -3.823   -3.801   -3.732   -3.719   -3.466   -3.379   -3.308   -3.165   -3.056
   -3.033   -2.901   -2.898   -2.867   -2.719   -2.718   -2.609   -2.570   -2.486   -2.465
   -2.420   -2.366   -2.357   -1.880   -1.865   -1.850   -0.878   -0.865   -0.746   -0.463
   -0.445    0.659    0.708    0.982    0.986    1.013    1.077    1.146    1.167    1.178
    1.289    1.305    1.744    1.769    1.892    1.893    2.021    2.026    2.185    2.255
            0.083505 -0.048213  0.000000
  -15.750  -14.652  -14.554  -14.551  -14.453  -14.204  -14.197  -13.933  -13.878  -13.816
  -13.748  -13.603  -13.595  -13.333  -13.179  -13.177  -12.771  -12.769   -7.218   -7.035
   -6.960   -6.951   -6.942   -6.851   -6.745   -6.539   -6.528   -6.328   -6.057   -5.992
   -5.860   -5.815   -5.732   -5.685   -5.638   -5.577   -5.478   -5.431   -5.414   -5.305
   -5.293   -5.121   -4.760   -4.750   -4.713   -4.628   -4.418   -4.351   -4.327   -4.325
   -4.189   -3.829   -3.798   -3.737   -3.717   -3.482   -3.378   -3.304   -3.165   -3.048
   -3.017   -2.914   -2.892   -2.860   -2.733   -2.730   -2.607   -2.583   -2.473   -2.456
   -2.425   -2.357   -2.339   -1.879   -1.866   -1.846   -0.887   -0.868   -0.741   -0.472
   -0.448    0.669    0.713    0.972    0.974    1.010    1.077    1.154    1.176    1.180
    1.297    1.314    1.740    1.774    1.887    1.889    2.014    2.023    2.166    2.244
            0.097422 -0.056249  0.000000
  -15.746  -14.675  -14.557  -14.551  -14.446  -14.196  -14.190  -13.945  -13.879  -13.810
  -13.741  -13.603  -13.593  -13.330  -13.181  -13.179  -12.772  -12.770   -7.216   -7.052
   -6.960   -6.946   -6.941   -6.842   -6.750   -6.539   -6.525   -6.349   -6.082   -6.011
   -5.884   -5.823   -5.709   -5.666   -5.622   -5.565   -5.449   -5.430   -5.408   -5.301
   -5.283   -5.112   -4.758   -4.746   -4.709   -4.634   -4.431   -4.362   -4.333   -4.331
   -4.188   -3.837   -3.794   -3.743   -3.713   -3.494   -3.377   -3.303   -3.164   -3.040
   -3.001   -2.931   -2.884   -2.849   -2.748   -2.744   -2.606   -2.596   -2.461   -2.446
   -2.428   -2.348   -2.321   -1.880   -1.865   -1.842   -0.897   -0.871   -0.735   -0.483
   -0.450    0.681    0.718    0.960    0.964    1.007    1.078    1.161    1.184    1.186
    1.306    1.324    1.734    1.779    1.881    1.884    2.006    2.020    2.146    2.230
            0.111340 -0.064284  0.000000
  -15.742  -14.697  -14.563  -14.549  -14.441  -14.188  -14.181  -13.957  -13.881  -13.804
  -13.732  -13.603  -13.590  -13.326  -13.184  -13.181  -12.773  -12.770   -7.215   -7.068
   -6.963   -6.939   -6.938   -6.835   -6.753   -6.540   -6.523   -6.371   -6.106   -6.031
   -5.908   -5.832   -5.686   -5.647   -5.606   -5.553   -5.429   -5.421   -5.399   -5.296
   -5.272   -5.102   -4.756   -4.740   -4.704   -4.640   -4.445   -4.374   -4.340   -4.339
   -4.185   -3.845   -3.791   -3.753   -3.709   -3.504   -3.375   -3.305   -3.160   -3.033
   -2.989   -2.945   -2.874   -2.837   -2.763   -2.759   -2.609   -2.604   -2.454   -2.435
   -2.426   -2.337   -2.303   -1.882   -1.863   -1.838   -0.909   -0.875   -0.729   -0.495
   -0.453    0.694    0.724    0.947    0.954    1.004    1.080    1.166    1.191    1.194
    1.318    1.334    1.728    1.784    1.874    1.880    1.996    2.018    2.127    2.216
            0.125257 -0.072320  0.000000
  -15.737  -14.721  -14.569  -14.546  -14.438  -14.179  -14.172  -13.968  -13.882  -13.798
  -13.723  -13.603  -13.588  -13.322  -13.187  -13.183  -12.774  -12.771   -7.214   -7.083
   -6.966   -6.933   -6.932   -6.832   -6.753   -6.542   -6.523   -6.391   -6.129   -6.052
   -5.931   -5.843   -5.663   -5.629   -5.589   -5.540   -5.427   -5.399   -5.384   -5.292
   -5.257   -5.090   -4.752   -4.734   -4.698   -4.647   -4.460   -4.388   -4.349   -4.347
   -4.183   -3.855   -3.787   -3.765   -3.704   -3.509   -3.372   -3.310   -3.155   -3.026
   -2.991   -2.945   -2.863   -2.826   -2.779   -2.773   -2.624   -2.604   -2.453   -2.423
   -2.417   -2.326   -2.284   -1.885   -1.860   -1.833   -0.922   -0.879   -0.723   -0.508
   -0.455    0.709    0.730    0.935    0.945    1.001    1.082    1.169    1.198    1.204
    1.331    1.345    1.721    1.789    1.864    1.875    1.986    2.017    2.107    2.199
            0.139175 -0.080355  0.000000
  -15.731  -14.744  -14.575  -14.542  -14.436  -14.168  -14.162  -13.980  -13.884  -13.793
  -13.713  -13.602  -13.585  -13.318  -13.191  -13.185  -12.776  -12.771   -7.214   -7.097
   -6.971   -6.927   -6.924   -6.832   -6.752   -6.547   -6.523   -6.408   -6.150   -6.074
   -5.954   -5.854   -5.642   -5.611   -5.572   -5.527   -5.426   -5.387   -5.357   -5.288
   -5.241   -5.077   -4.748   -4.727   -4.692   -4.654   -4.475   -4.403   -4.359   -4.355
   -4.180   -3.866   -3.788   -3.776   -3.698   -3.512   -3.370   -3.316   -3.149   -3.022
   -3.009   -2.931   -2.851   -2.822   -2.793   -2.780   -2.639   -2.604   -2.455   -2.409
   -2.403   -2.315   -2.266   -1.889   -1.856   -1.829   -0.937   -0.882   -0.716   -0.522
   -0.458    0.723    0.737    0.923    0.936    0.998    1.084    1.172    1.203    1.216
    1.345    1.355    1.714    1.792    1.855    1.870    1.974    2.017    2.087    2.182
            0.153092 -0.088391  0.000000
  -15.725  -14.768  -14.581  -14.539  -14.435  -14.157  -14.152  -13.992  -13.885  -13.790
  -13.703  -13.601  -13.582  -13.314  -13.194  -13.188  -12.777  -12.772   -7.216   -7.109
   -6.975   -6.920   -6.916   -6.834   -6.748   -6.555   -6.525   -6.423   -6.170   -6.095
   -5.976   -5.867   -5.621   -5.595   -5.554   -5.513   -5.423   -5.377   -5.329   -5.284
   -5.222   -5.064   -4.743   -4.718   -4.686   -4.659   -4.490   -4.418   -4.369   -4.365
   -4.178   -3.878   -3.804   -3.774   -3.692   -3.511   -3.367   -3.324   -3.143   -3.031
   -3.018   -2.912   -2.844   -2.831   -2.800   -2.776   -2.656   -2.606   -2.456   -2.395
   -2.388   -2.304   -2.247   -1.892   -1.851   -1.824   -0.952   -0.886   -0.709   -0.537
   -0.461    0.739    0.743    0.912    0.928    0.996    1.087    1.176    1.207    1.228
    1.361    1.365    1.706    1.791    1.847    1.864    1.962    2.018    2.068    2.163
            0.167010 -0.096426  0.000000
  -15.718  -14.792  -14.588  -14.535  -14.436  -14.145  -14.141  -14.004  -13.887  -13.786
  -13.692  -13.599  -13.579  -13.310  -13.198  -13.190  -12.779  -12.772   -7.220   -7.117
   -6.981   -6.912   -6.908   -6.838   -6.743   -6.566   -6.529   -6.434   -6.188   -6.117
   -5.997   -5.879   -5.602   -5.581   -5.537   -5.500   -5.420   -5.367   -5.301   -5.280
   -5.201   -5.050   -4.739   -4.708   -4.682   -4.659   -4.506   -4.434   -4.381   -4.374
   -4.176   -3.891   -3.825   -3.769   -3.685   -3.508   -3.363   -3.332   -3.137   -3.053
   -3.017   -2.893   -2.850   -2.847   -2.793   -2.765   -2.674   -2.609   -2.454   -2.380
   -2.373   -2.293   -2.229   -1.896   -1.846   -1.819   -0.970   -0.890   -0.703   -0.553
   -0.463    0.750    0.754    0.901    0.920    0.995    1.089    1.181    1.211    1.240
    1.375    1.378    1.697    1.783    1.844    1.858    1.948    2.020    2.050    2.145
            0.180927 -0.104462  0.000000
  -15.710  -14.816  -14.595  -14.530  -14.438  -14.133  -14.130  -14.015  -13.889  -13.784
  -13.682  -13.597  -13.575  -13.306  -13.203  -13.193  -12.781  -12.773   -7.227   -7.122
   -6.986   -6.904   -6.899   -6.843   -6.737   -6.581   -6.534   -6.441   -6.205   -6.139
   -6.019   -5.893   -5.585   -5.568   -5.519   -5.486   -5.417   -5.357   -5.276   -5.272
   -5.178   -5.037   -4.735   -4.696   -4.683   -4.652   -4.521   -4.451   -4.393   -4.385
   -4.174   -3.905   -3.849   -3.764   -3.677   -3.502   -3.359   -3.340   -3.134   -3.074
   -3.017   -2.879   -2.865   -2.860   -2.776   -2.753   -2.692   -2.613   -2.450   -2.364
   -2.359   -2.282   -2.212   -1.900   -1.842   -1.815   -0.988   -0.893   -0.696   -0.569
   -0.465    0.756    0.769    0.892    0.914    0.994    1.092    1.186    1.216    1.252
    1.385    1.394    1.688    1.768    1.845    1.851    1.933    2.021    2.033    2.127
            0.194845 -0.112497  0.000000
  -15.702  -14.840  -14.601  -14.525  -14.440  -14.122  -14.117  -14.026  -13.891  -13.782
  -13.671  -13.594  -13.572  -13.302  -13.207  -13.196  -12.783  -12.773   -7.238   -7.123
   -6.991   -6.894   -6.891   -6.847   -6.731   -6.599   -6.540   -6.445   -6.220   -6.161
   -6.039   -5.906   -5.570   -5.557   -5.501   -5.472   -5.413   -5.346   -5.272   -5.245
   -5.155   -5.024   -4.734   -4.686   -4.682   -4.638   -4.536   -4.467   -4.405   -4.395
   -4.172   -3.920   -3.874   -3.758   -3.669   -3.495   -3.355   -3.348   -3.136   -3.090
   -3.018   -2.894   -2.881   -2.848   -2.757   -2.743   -2.711   -2.618   -2.443   -2.348
   -2.344   -2.271   -2.195   -1.904   -1.837   -1.811   -1.007   -0.897   -0.689   -0.585
   -0.467    0.762    0.782    0.884    0.909    0.995    1.096    1.192    1.220    1.264
    1.395    1.412    1.678    1.749    1.842    1.848    1.918    2.018    2.023    2.111
            0.208762 -0.120533  0.000000
  -15.694  -14.864  -14.608  -14.520  -14.443  -14.113  -14.103  -14.036  -13.893  -13.781
  -13.661  -13.590  -13.568  -13.298  -13.212  -13.199  -12.785  -12.773   -7.250   -7.121
   -6.997   -6.885   -6.884   -6.848   -6.726   -6.618   -6.548   -6.446   -6.233   -6.182
   -6.059   -5.920   -5.557   -5.548   -5.483   -5.457   -5.407   -5.336   -5.267   -5.217
   -5.130   -5.013   -4.736   -4.687   -4.666   -4.622   -4.549   -4.485   -4.418   -4.406
   -4.170   -3.935   -3.900   -3.752   -3.661   -3.488   -3.355   -3.350   -3.149   -3.095
   -3.020   -2.916   -2.898   -2.828   -2.746   -2.734   -2.720   -2.621   -2.434   -2.331
   -2.329   -2.260   -2.178   -1.907   -1.831   -1.806   -1.028   -0.900   -0.683   -0.602
   -0.469    0.766    0.793    0.878    0.907    0.996    1.099    1.198    1.224    1.275
    1.404    1.429    1.668    1.727    1.832    1.850    1.903    2.005    2.022    2.099
            0.222680 -0.128568  0.000000
  -15.685  -14.888  -14.615  -14.515  -14.447  -14.106  -14.089  -14.044  -13.895  -13.781
  -13.651  -13.586  -13.565  -13.294  -13.217  -13.201  -12.787  -12.774   -7.264   -7.117
   -7.002   -6.884   -6.874   -6.845   -6.721   -6.639   -6.558   -6.446   -6.244   -6.204
   -6.079   -5.935   -5.546   -5.540   -5.464   -5.443   -5.401   -5.325   -5.263   -5.190
   -5.105   -5.003   -4.742   -4.686   -4.648   -4.609   -4.555   -4.502   -4.430   -4.417
   -4.170   -3.951   -3.927   -3.745   -3.652   -3.480   -3.362   -3.345   -3.169   -3.094
   -3.024   -2.940   -2.915   -2.808   -2.763   -2.730   -2.703   -2.622   -2.423   -2.316
   -2.313   -2.249   -2.162   -1.910   -1.827   -1.803   -1.049   -0.903   -0.676   -0.618
   -0.469    0.769    0.801    0.874    0.909    0.999    1.102    1.205    1.229    1.286
    1.413    1.447    1.659    1.703    1.819    1.851    1.890    1.993    2.020    2.092
            0.236597 -0.136604  0.000000
  -15.675  -14.913  -14.621  -14.509  -14.451  -14.103  -14.075  -14.048  -13.896  -13.781
  -13.641  -13.582  -13.561  -13.291  -13.221  -13.204  -12.789  -12.774   -7.279   -7.112
   -7.007   -6.886   -6.863   -6.837   -6.717   -6.660   -6.568   -6.445   -6.255   -6.224
   -6.098   -5.949   -5.536   -5.533   -5.445   -5.429   -5.395   -5.314   -5.257   -5.163
   -5.080   -4.994   -4.749   -4.683   -4.628   -4.608   -4.546   -4.519   -4.442   -4.428
   -4.169   -3.968   -3.955   -3.739   -3.643   -3.473   -3.366   -3.339   -3.193   -3.090
   -3.028   -2.964   -2.932   -2.790   -2.787   -2.730   -2.679   -2.619   -2.410   -2.302
   -2.295   -2.238   -2.147   -1.913   -1.822   -1.799   -1.071   -0.906   -0.671   -0.635
   -0.470    0.771    0.804    0.872    0.915    1.003    1.105    1.212    1.235    1.297
    1.421    1.464    1.649    1.678    1.803    1.848    1.878    1.983    2.016    2.089
            0.250515 -0.144639  0.000000
  -15.665  -14.937  -14.627  -14.503  -14.455  -14.105  -14.061  -14.047  -13.898  -13.782
  -13.631  -13.578  -13.557  -13.287  -13.226  -13.207  -12.792  -12.774   -7.294   -7.105
   -7.012   -6.890   -6.851   -6.826   -6.714   -6.680   -6.579   -6.443   -6.264   -6.244
   -6.117   -5.964   -5.529   -5.527   -5.426   -5.415   -5.388   -5.304   -5.251   -5.138
   -5.055   -4.986   -4.757   -4.680   -4.617   -4.606   -4.535   -4.525   -4.452   -4.439
   -4.169   -3.985   -3.983   -3.732   -3.633   -3.468   -3.368   -3.334   -3.217   -3.086
   -3.034   -2.989   -2.950   -2.812   -2.775   -2.730   -2.654   -2.613   -2.396   -2.290
   -2.277   -2.228   -2.133   -1.915   -1.817   -1.796   -1.094   -0.909   -0.665   -0.651
   -0.470    0.771    0.805    0.873    0.924    1.008    1.109    1.219    1.241    1.308
    1.429    1.481    1.639    1.652    1.785    1.841    1.867    1.974    2.013    2.090
            0.264432 -0.152675  0.000000
  -15.654  -14.961  -14.633  -14.497  -14.459  -14.112  -14.048  -14.041  -13.900  -13.783
  -13.622  -13.573  -13.554  -13.285  -13.231  -13.209  -12.794  -12.775   -7.309   -7.098
   -7.017   -6.895   -6.840   -6.814   -6.711   -6.701   -6.590   -6.441   -6.272   -6.264
   -6.136   -5.979   -5.525   -5.520   -5.406   -5.402   -5.380   -5.293   -5.243   -5.113
   -5.031   -4.980   -4.767   -4.677   -4.629   -4.586   -4.546   -4.504   -4.456   -4.450
   -4.169   -4.012   -4.000   -3.726   -3.623   -3.464   -3.367   -3.328   -3.242   -3.082
   -3.040   -3.015   -2.967   -2.838   -2.769   -2.725   -2.630   -2.605   -2.381   -2.277
   -2.259   -2.217   -2.120   -1.917   -1.813   -1.793   -1.117   -0.912   -0.668   -0.660
   -0.469    0.769    0.802    0.875    0.936    1.015    1.112    1.227    1.248    1.317
    1.436    1.498    1.624    1.631    1.766    1.830    1.858    1.967    2.011    2.092
            0.278350 -0.160710  0.000000
  -15.643  -14.985  -14.639  -14.491  -14.463  -14.121  -14.035  -14.031  -13.901  -13.784
  -13.614  -13.568  -13.550  -13.283  -13.236  -13.212  -12.796  -12.775   -7.324   -7.090
   -7.021   -6.900   -6.827   -6.800   -6.721   -6.710   -6.602   -6.439   -6.283   -6.278
   -6.154   -5.995   -5.522   -5.513   -5.390   -5.387   -5.371   -5.283   -5.234   -5.090
   -5.006   -4.975   -4.776   -4.675   -4.641   -4.584   -4.538   -4.499   -4.460   -4.440
   -4.169   -4.041   -4.016   -3.719   -3.613   -3.464   -3.364   -3.322   -3.267   -3.081
   -3.048   -3.038   -2.985   -2.865   -2.774   -2.712   -2.605   -2.596   -2.365   -2.266
   -2.241   -2.207   -2.108   -1.918   -1.808   -1.790   -1.141   -0.914   -0.684   -0.655
   -0.467    0.767    0.798    0.880    0.949    1.023    1.116    1.235    1.255    1.326
    1.442    1.513    1.599    1.622    1.745    1.815    1.848    1.962    2.011    2.095
            0.292267 -0.168746  0.000000
  -15.631  -15.008  -14.644  -14.484  -14.467  -14.132  -14.024  -14.020  -13.903  -13.785
  -13.606  -13.563  -13.546  -13.281  -13.240  -13.214  -12.798  -12.775   -7.339   -7.082
   -7.025   -6.905   -6.815   -6.787   -6.740   -6.710   -6.614   -6.437   -6.301   -6.285
   -6.172   -6.010   -5.520   -5.507   -5.381   -5.368   -5.361   -5.272   -5.224   -5.070
   -4.982   -4.971   -4.786   -4.675   -4.652   -4.596   -4.514   -4.506   -4.468   -4.410
   -4.170   -4.070   -4.030   -3.713   -3.603   -3.466   -3.358   -3.316   -3.292   -3.086
   -3.057   -3.055   -3.004   -2.891   -2.785   -2.695   -2.586   -2.581   -2.349   -2.255
   -2.223   -2.196   -2.097   -1.918   -1.805   -1.788   -1.166   -0.917   -0.699   -0.651
   -0.465    0.763    0.793    0.886    0.962    1.032    1.119    1.243    1.263    1.335
    1.448    1.524    1.576    1.615    1.724    1.798    1.839    1.959    2.011    2.098
            0.306185 -0.176781  0.000000
  -15.619  -15.032  -14.650  -14.477  -14.471  -14.143  -14.014  -14.007  -13.904  -13.787
  -13.599  -13.558  -13.543  -13.280  -13.244  -13.216  -12.800  -12.775   -7.353   -7.073
   -7.029   -6.909   -6.802   -6.773   -6.758   -6.710   -6.625   -6.435   -6.318   -6.290
   -6.189   -6.026   -5.519   -5.502   -5.374   -5.350   -5.348   -5.262   -5.212   -5.051
   -4.968   -4.957   -4.796   -4.680   -4.658   -4.612   -4.517   -4.497   -4.463   -4.376
   -4.171   -4.098   -4.043   -3.707   -3.593   -3.470   -3.352   -3.314   -3.310   -3.103
   -3.065   -3.063   -3.025   -2.916   -2.797   -2.677   -2.575   -2.557   -2.333   -2.244
   -2.205   -2.185   -2.087   -1.918   -1.801   -1.785   -1.190   -0.919   -0.714   -0.648
   -0.462    0.759    0.787    0.893    0.975    1.043    1.122    1.251    1.271    1.342
    1.453    1.522    1.567    1.609    1.703    1.779    1.830    1.957    2.009    2.101
            0.320102 -0.184817  0.000000
  -15.607  -15.055  -14.655  -14.475  -14.470  -14.155  -14.004  -13.995  -13.905  -13.788
  -13.593  -13.553  -13.540  -13.280  -13.247  -13.218  -12.802  -12.775   -7.366   -7.065
   -7.033   -6.912   -6.791   -6.774   -6.759   -6.712   -6.636   -6.434   -6.334   -6.295
   -6.206   -6.042   -5.518   -5.498   -5.369   -5.336   -5.331   -5.252   -5.198   -5.035
   -4.965   -4.931   -4.805   -4.689   -4.660   -4.628   -4.528   -4.501   -4.434   -4.342
   -4.172   -4.127   -4.053   -3.701   -3.582   -3.475   -3.357   -3.324   -3.305   -3.127
   -3.074   -3.064   -3.048   -2.939   -2.811   -2.659   -2.565   -2.534   -2.317   -2.235
   -2.188   -2.174   -2.078   -1.916   -1.798   -1.783   -1.215   -0.920   -0.728   -0.645
   -0.459    0.755    0.781    0.901    0.989    1.054    1.126    1.259    1.278    1.349
    1.458    1.503    1.574    1.604    1.683    1.759    1.820    1.956    2.003    2.089
            0.334020 -0.192852  0.000000
  -15.594  -15.078  -14.659  -14.479  -14.462  -14.166  -13.994  -13.983  -13.906  -13.790
  -13.588  -13.548  -13.536  -13.281  -13.250  -13.219  -12.804  -12.775   -7.379   -7.056
   -7.036   -6.915   -6.797   -6.771   -6.745   -6.715   -6.646   -6.432   -6.349   -6.299
   -6.222   -6.058   -5.518   -5.494   -5.366   -5.323   -5.313   -5.242   -5.184   -5.021
   -4.964   -4.905   -4.814   -4.700   -4.659   -4.644   -4.539   -4.510   -4.398   -4.311
   -4.172   -4.155   -4.058   -3.695   -3.572   -3.481   -3.378   -3.317   -3.299   -3.151
   -3.088   -3.071   -3.063   -2.960   -2.824   -2.642   -2.556   -2.513   -2.302   -2.227
   -2.172   -2.162   -2.070   -1.914   -1.795   -1.781   -1.240   -0.922   -0.742   -0.642
   -0.456    0.751    0.775    0.910    1.001    1.067    1.129    1.267    1.286    1.355
    1.461    1.480    1.586    1.600    1.663    1.740    1.810    1.956    1.992    2.065
            0.347937 -0.200888  0.000000
  -15.581  -15.100  -14.664  -14.482  -14.455  -14.178  -13.984  -13.972  -13.906  -13.792
  -13.583  -13.543  -13.533  -13.282  -13.252  -13.220  -12.806  -12.775   -7.391   -7.048
   -7.038   -6.916   -6.812   -6.758   -6.734   -6.716   -6.654   -6.432   -6.362   -6.303
   -6.238   -6.073   -5.518   -5.490   -5.363   -5.311   -5.296   -5.232   -5.168   -5.009
   -4.963   -4.879   -4.823   -4.711   -4.660   -4.659   -4.550   -4.520   -4.359   -4.286
   -4.182   -4.172   -4.056   -3.691   -3.562   -3.487   -3.403   -3.307   -3.295   -3.174
   -3.110   -3.087   -3.064   -2.977   -2.838   -2.625   -2.546   -2.492   -2.288   -2.219
   -2.156   -2.150   -2.064   -1.912   -1.793   -1.779   -1.265   -0.924   -0.754   -0.640
   -0.452    0.747    0.769    0.919    1.013    1.079    1.132    1.275    1.292    1.360
    1.456    1.464    1.598    1.598    1.645    1.721    1.801    1.957    1.978    2.041
            0.361855 -0.208923  0.000000
  -15.567  -15.122  -14.668  -14.486  -14.447  -14.190  -13.975  -13.962  -13.906  -13.793
  -13.579  -13.539  -13.530  -13.285  -13.253  -13.221  -12.808  -12.775   -7.402   -7.041
   -7.040   -6.917   -6.827   -6.745   -6.731   -6.713   -6.661   -6.433   -6.374   -6.307
   -6.252   -6.088   -5.518   -5.487   -5.361   -5.298   -5.279   -5.223   -5.152   -4.999
   -4.962   -4.853   -4.832   -4.722   -4.674   -4.659   -4.560   -4.529   -4.320   -4.269
   -4.208   -4.172   -4.044   -3.687   -3.553   -3.495   -3.428   -3.295   -3.291   -3.196
   -3.141   -3.098   -3.064   -2.992   -2.851   -2.609   -2.538   -2.473   -2.275   -2.213
   -2.142   -2.137   -2.058   -1.908   -1.791   -1.777   -1.289   -0.925   -0.766   -0.638
   -0.448    0.744    0.764    0.929    1.025    1.092    1.134    1.282    1.296    1.363
    1.435    1.466    1.598    1.609    1.628    1.705    1.791    1.957    1.961    2.019
            0.375772 -0.216959  0.000000
  -15.554  -15.144  -14.671  -14.489  -14.439  -14.201  -13.967  -13.954  -13.906  -13.795
  -13.576  -13.535  -13.527  -13.287  -13.253  -13.222  -12.810  -12.775   -7.413   -7.042
   -7.034   -6.916   -6.841   -6.735   -6.730   -6.706   -6.665   -6.436   -6.384   -6.309
   -6.266   -6.103   -5.519   -5.484   -5.360   -5.286   -5.264   -5.213   -5.135   -4.991
   -4.962   -4.840   -4.827   -4.732   -4.689   -4.659   -4.569   -4.538   -4.284   -4.261
   -4.227   -4.171   -4.021   -3.684   -3.544   -3.505   -3.452   -3.290   -3.283   -3.217
   -3.172   -3.108   -3.066   -3.004   -2.863   -2.594   -2.530   -2.455   -2.263   -2.207
   -2.128   -2.124   -2.054   -1.905   -1.789   -1.775   -1.313   -0.926   -0.776   -0.637
   -0.444    0.741    0.759    0.940    1.036    1.104    1.137    1.289    1.296    1.366
    1.418    1.467    1.596    1.614    1.617    1.693    1.782    1.942    1.957    1.999
            0.389690 -0.224994  0.000000
  -15.540  -15.164  -14.674  -14.492  -14.431  -14.212  -13.959  -13.946  -13.904  -13.796
  -13.574  -13.531  -13.525  -13.290  -13.254  -13.223  -12.811  -12.775   -7.422   -7.044
   -7.028   -6.915   -6.853   -6.739   -6.717   -6.702   -6.664   -6.440   -6.392   -6.312
   -6.279   -6.118   -5.519   -5.482   -5.359   -5.275   -5.250   -5.204   -5.119   -4.983
   -4.962   -4.847   -4.801   -4.741   -4.702   -4.660   -4.577   -4.547   -4.278   -4.259
   -4.216   -4.172   -3.990   -3.683   -3.535   -3.519   -3.472   -3.293   -3.272   -3.235
   -3.202   -3.117   -3.067   -3.015   -2.874   -2.580   -2.523   -2.439   -2.252   -2.203
   -2.115   -2.110   -2.050   -1.901   -1.788   -1.773   -1.336   -0.927   -0.786   -0.636
   -0.440    0.738    0.754    0.952    1.046    1.116    1.138    1.292    1.296    1.368
    1.407    1.468    1.589    1.609    1.620    1.686    1.774    1.923    1.950    1.987
            0.403607 -0.233030  0.000000
  -15.526  -15.184  -14.677  -14.494  -14.424  -14.222  -13.952  -13.941  -13.902  -13.798
  -13.572  -13.528  -13.523  -13.293  -13.254  -13.223  -12.813  -12.775   -7.430   -7.045
   -7.023   -6.912   -6.865   -6.745   -6.705   -6.702   -6.657   -6.447   -6.397   -6.314
   -6.291   -6.131   -5.520   -5.480   -5.358   -5.264   -5.238   -5.195   -5.102   -4.977
   -4.963   -4.854   -4.775   -4.749   -4.715   -4.661   -4.585   -4.555   -4.298   -4.262
   -4.178   -4.173   -3.952   -3.685   -3.539   -3.528   -3.485   -3.307   -3.263   -3.248
   -3.223   -3.126   -3.070   -3.024   -2.884   -2.568   -2.517   -2.425   -2.243   -2.199
   -2.104   -2.097   -2.046   -1.897   -1.787   -1.771   -1.358   -0.928   -0.795   -0.635
   -0.437    0.735    0.750    0.964    1.055    1.127    1.139    1.283    1.302    1.369
    1.401    1.468    1.578    1.610    1.618    1.687    1.766    1.903    1.935    1.983
            0.417525 -0.241065  0.000000
  -15.513  -15.203  -14.680  -14.496  -14.416  -14.232  -13.945  -13.937  -13.899  -13.799
  -13.570  -13.525  -13.521  -13.296  -13.254  -13.223  -12.814  -12.775   -7.437   -7.046
   -7.019   -6.908   -6.875   -6.751   -6.709   -6.690   -6.648   -6.455   -6.400   -6.316
   -6.302   -6.144   -5.520   -5.478   -5.358   -5.255   -5.227   -5.186   -5.086   -4.972
   -4.965   -4.860   -4.757   -4.752   -4.725   -4.663   -4.591   -4.563   -4.320   -4.266
   -4.174   -4.135   -3.911   -3.691   -3.560   -3.522   -3.494   -3.334   -3.269   -3.246
   -3.232   -3.133   -3.072   -3.032   -2.893   -2.557   -2.511   -2.412   -2.235   -2.196
   -2.094   -2.085   -2.044   -1.893   -1.786   -1.769   -1.378   -0.929   -0.802   -0.634
   -0.433    0.733    0.746    0.977    1.064    1.136    1.139    1.271    1.307    1.369
    1.400    1.469    1.568    1.611    1.614    1.692    1.760    1.884    1.917    1.984
            0.431442 -0.249101  0.000000
  -15.500  -15.220  -14.682  -14.498  -14.409  -14.242  -13.940  -13.934  -13.895  -13.800
  -13.569  -13.523  -13.519  -13.299  -13.254  -13.223  -12.815  -12.775   -7.444   -7.046
   -7.016   -6.904   -6.883   -6.756   -6.714   -6.677   -6.638   -6.463   -6.402   -6.317
   -6.311   -6.155   -5.520   -5.476   -5.358   -5.246   -5.219   -5.178   -5.071   -4.968
   -4.967   -4.866   -4.763   -4.741   -4.722   -4.665   -4.597   -4.571   -4.342   -4.272
   -4.175   -4.090   -3.867   -3.704   -3.580   -3.518   -3.499   -3.367   -3.280   -3.237
   -3.235   -3.141   -3.075   -3.039   -2.901   -2.547   -2.506   -2.401   -2.227   -2.194
   -2.086   -2.074   -2.041   -1.889   -1.786   -1.766   -1.397   -0.929   -0.809   -0.633
   -0.430    0.731    0.743    0.990    1.072    1.135    1.147    1.258    1.312    1.368
    1.401    1.468    1.559    1.604    1.618    1.700    1.756    1.866    1.899    1.987
            0.445360 -0.257136  0.000000
  -15.488  -15.236  -14.684  -14.500  -14.402  -14.250  -13.936  -13.932  -13.892  -13.801
  -13.568  -13.521  -13.517  -13.301  -13.254  -13.223  -12.816  -12.775   -7.449   -7.047
   -7.014   -6.899   -6.891   -6.761   -6.719   -6.666   -6.630   -6.472   -6.403   -6.318
   -6.318   -6.165   -5.521   -5.475   -5.358   -5.239   -5.212   -5.170   -5.057   -4.969
   -4.965   -4.871   -4.769   -4.748   -4.701   -4.667   -4.601   -4.579   -4.362   -4.277
   -4.176   -4.046   -3.822   -3.724   -3.594   -3.517   -3.504   -3.403   -3.289   -3.234
   -3.229   -3.147   -3.078   -3.045   -2.908   -2.539   -2.502   -2.392   -2.221   -2.193
   -2.079   -2.064   -2.039   -1.886   -1.786   -1.764   -1.413   -0.930   -0.814   -0.633
   -0.428    0.730    0.740    1.004    1.078    1.130    1.154    1.245    1.316    1.367
    1.404    1.468    1.551    1.597    1.622    1.709    1.753    1.848    1.882    1.990
            0.459277 -0.265172  0.000000
  -15.478  -15.249  -14.685  -14.501  -14.397  -14.257  -13.933  -13.931  -13.889  -13.802
  -13.568  -13.519  -13.516  -13.302  -13.254  -13.223  -12.817  -12.774   -7.453   -7.047
   -7.012   -6.897   -6.895   -6.765   -6.723   -6.656   -6.622   -6.479   -6.404   -6.324
   -6.319   -6.173   -5.521   -5.474   -5.358   -5.234   -5.207   -5.164   -5.044   -4.972
   -4.963   -4.874   -4.773   -4.755   -4.680   -4.669   -4.605   -4.587   -4.380   -4.282
   -4.177   -4.002   -3.776   -3.751   -3.603   -3.523   -3.507   -3.435   -3.296   -3.232
   -3.222   -3.153   -3.080   -3.049   -2.913   -2.533   -2.499   -2.385   -2.216   -2.193
   -2.074   -2.056   -2.038   -1.884   -1.786   -1.762   -1.426   -0.930   -0.818   -0.632
   -0.425    0.728    0.738    1.018    1.083    1.124    1.161    1.235    1.320    1.367
    1.407    1.467    1.545    1.591    1.625    1.719    1.751    1.832    1.868    1.992
            0.473195 -0.273207  0.000000
  -15.470  -15.259  -14.686  -14.502  -14.392  -14.262  -13.931  -13.929  -13.887  -13.802
  -13.568  -13.518  -13.515  -13.304  -13.254  -13.223  -12.817  -12.774   -7.456   -7.047
   -7.011   -6.901   -6.891   -6.769   -6.726   -6.648   -6.617   -6.485   -6.405   -6.328
   -6.319   -6.179   -5.521   -5.474   -5.358   -5.229   -5.204   -5.159   -5.034   -4.975
   -4.961   -4.877   -4.776   -4.760   -4.670   -4.661   -4.608   -4.595   -4.393   -4.285
   -4.178   -3.959   -3.784   -3.733   -3.609   -3.540   -3.509   -3.456   -3.301   -3.230
   -3.216   -3.157   -3.082   -3.052   -2.917   -2.528   -2.496   -2.380   -2.212   -2.192
   -2.070   -2.050   -2.036   -1.882   -1.786   -1.760   -1.436   -0.930   -0.821   -0.632
   -0.424    0.728    0.737    1.030    1.087    1.116    1.165    1.228    1.322    1.366
    1.410    1.467    1.542    1.587    1.628    1.728    1.751    1.819    1.856    1.994
            0.487112 -0.281243  0.000000
  -15.464  -15.266  -14.687  -14.502  -14.390  -14.266  -13.931  -13.927  -13.885  -13.802
  -13.567  -13.518  -13.514  -13.304  -13.254  -13.223  -12.818  -12.774   -7.457   -7.047
   -7.010   -6.903   -6.889   -6.771   -6.728   -6.643   -6.613   -6.490   -6.405   -6.331
   -6.320   -6.183   -5.522   -5.473   -5.358   -5.227   -5.201   -5.155   -5.027   -4.978
   -4.960   -4.879   -4.778   -4.763   -4.671   -4.646   -4.610   -4.603   -4.402   -4.287
   -4.178   -3.921   -3.817   -3.695   -3.611   -3.565   -3.510   -3.465   -3.305   -3.228
   -3.213   -3.159   -3.084   -3.054   -2.919   -2.526   -2.495   -2.377   -2.210   -2.192
   -2.068   -2.046   -2.035   -1.880   -1.786   -1.759   -1.442   -0.930   -0.823   -0.632
   -0.423    0.727    0.736    1.040    1.090    1.108    1.168    1.224    1.324    1.366
    1.411    1.466    1.539    1.585    1.629    1.734    1.752    1.809    1.848    1.995
            0.501030 -0.289278  0.000000
  -15.462  -15.268  -14.687  -14.503  -14.389  -14.267  -13.931  -13.927  -13.885  -13.802
  -13.567  -13.517  -13.514  -13.305  -13.254  -13.223  -12.818  -12.774   -7.458   -7.047
   -7.010   -6.904   -6.888   -6.772   -6.729   -6.642   -6.612   -6.491   -6.405   -6.332
   -6.320   -6.184   -5.522   -5.473   -5.358   -5.226   -5.201   -5.154   -5.025   -4.979
   -4.960   -4.880   -4.779   -4.764   -4.671   -4.639   -4.610   -4.608   -4.405   -4.288
   -4.178   -3.899   -3.837   -3.677   -3.612   -3.580   -3.510   -3.468   -3.306   -3.228
   -3.212   -3.160   -3.084   -3.055   -2.920   -2.525   -2.494   -2.376   -2.209   -2.192
   -2.067   -2.045   -2.035   -1.880   -1.786   -1.759   -1.444   -0.930   -0.824   -0.632
   -0.423    0.727    0.736    1.044    1.090    1.105    1.169    1.223    1.324    1.365
    1.412    1.466    1.539    1.584    1.630    1.737    1.752    1.806    1.846    1.996
            0.493073 -0.303058  0.000000
  -15.462  -15.268  -14.690  -14.499  -14.388  -14.267  -13.932  -13.926  -13.885  -13.801
  -13.567  -13.518  -13.514  -13.305  -13.254  -13.223  -12.818  -12.774   -7.458   -7.048
   -7.012   -6.908   -6.882   -6.771   -6.729   -6.644   -6.611   -6.490   -6.406   -6.332
   -6.319   -6.183   -5.523   -5.471   -5.357   -5.243   -5.195   -5.143   -5.024   -4.987
   -4.951   -4.880   -4.783   -4.760   -4.672   -4.640   -4.611   -4.605   -4.405   -4.289
   -4.178   -3.901   -3.839   -3.676   -3.610   -3.578   -3.511   -3.467   -3.308   -3.235
   -3.204   -3.163   -3.083   -3.052   -2.920   -2.525   -2.494   -2.376   -2.209   -2.197
   -2.067   -2.048   -2.029   -1.880   -1.786   -1.758   -1.444   -0.931   -0.822   -0.632
   -0.423    0.727    0.737    1.044    1.090    1.105    1.169    1.223    1.324    1.365
    1.411    1.466    1.537    1.585    1.629    1.737    1.752    1.805    1.847    1.994
            0.485117 -0.316839  0.000000
  -15.461  -15.268  -14.699  -14.489  -14.388  -14.267  -13.937  -13.927  -13.886  -13.797
  -13.567  -13.518  -13.514  -13.306  -13.254  -13.221  -12.818  -12.774   -7.457   -7.051
   -7.016   -6.914   -6.871   -6.771   -6.728   -6.649   -6.607   -6.488   -6.410   -6.332
   -6.318   -6.181   -5.528   -5.466   -5.357   -5.274   -5.191   -5.118   -5.024   -4.998
   -4.937   -4.880   -4.790   -4.752   -4.673   -4.642   -4.611   -4.599   -4.405   -4.292
   -4.178   -3.906   -3.846   -3.673   -3.604   -3.574   -3.514   -3.466   -3.316   -3.246
   -3.191   -3.170   -3.080   -3.044   -2.920   -2.527   -2.492   -2.374   -2.214   -2.204
   -2.065   -2.051   -2.017   -1.880   -1.786   -1.757   -1.445   -0.935   -0.819   -0.632
   -0.423    0.728    0.739    1.042    1.090    1.103    1.170    1.223    1.324    1.365
    1.409    1.466    1.533    1.589    1.627    1.736    1.753    1.803    1.851    1.989
            0.477161 -0.330619  0.000000
  -15.460  -15.268  -14.713  -14.475  -14.387  -14.267  -13.943  -13.928  -13.888  -13.790
  -13.567  -13.519  -13.514  -13.308  -13.255  -13.219  -12.819  -12.773   -7.455   -7.056
   -7.024   -6.919   -6.859   -6.770   -6.726   -6.655   -6.603   -6.484   -6.415   -6.333
   -6.317   -6.177   -5.534   -5.459   -5.357   -5.307   -5.188   -5.089   -5.027   -5.005
   -4.922   -4.879   -4.797   -4.743   -4.675   -4.645   -4.610   -4.592   -4.406   -4.297
   -4.178   -3.914   -3.856   -3.669   -3.594   -3.569   -3.517   -3.464   -3.328   -3.258
   -3.183   -3.173   -3.075   -3.034   -2.921   -2.530   -2.489   -2.373   -2.234   -2.204
   -2.062   -2.052   -2.004   -1.881   -1.787   -1.754   -1.447   -0.940   -0.814   -0.632
   -0.424    0.730    0.743    1.040    1.088    1.100    1.171    1.224    1.324    1.365
    1.406    1.466    1.527    1.594    1.623    1.734    1.755    1.800    1.856    1.981
            0.469204 -0.344399  0.000000
  -15.458  -15.268  -14.730  -14.458  -14.386  -14.267  -13.950  -13.930  -13.890  -13.782
  -13.566  -13.520  -13.515  -13.310  -13.255  -13.217  -12.820  -12.772   -7.453   -7.063
   -7.033   -6.922   -6.846   -6.768   -6.723   -6.661   -6.599   -6.479   -6.422   -6.333
   -6.315   -6.172   -5.541   -5.452   -5.366   -5.332   -5.184   -5.062   -5.035   -5.004
   -4.908   -4.878   -4.803   -4.736   -4.676   -4.646   -4.608   -4.584   -4.406   -4.305
   -4.177   -3.924   -3.868   -3.663   -3.581   -3.567   -3.518   -3.460   -3.341   -3.270
   -3.193   -3.159   -3.069   -3.021   -2.921   -2.535   -2.484   -2.370   -2.259   -2.201
   -2.061   -2.050   -1.990   -1.881   -1.789   -1.751   -1.449   -0.946   -0.808   -0.632
   -0.424    0.733    0.748    1.038    1.086    1.097    1.173    1.224    1.324    1.365
    1.402    1.465    1.520    1.600    1.618    1.731    1.757    1.797    1.862    1.971
            0.461248 -0.358179  0.000000
  -15.455  -15.267  -14.748  -14.438  -14.384  -14.266  -13.958  -13.933  -13.892  -13.773
  -13.566  -13.521  -13.515  -13.312  -13.255  -13.214  -12.821  -12.772   -7.450   -7.072
   -7.044   -6.922   -6.834   -6.766   -6.720   -6.667   -6.596   -6.472   -6.430   -6.334
   -6.314   -6.165   -5.548   -5.445   -5.394   -5.337   -5.180   -5.047   -5.037   -4.997
   -4.896   -4.875   -4.808   -4.732   -4.677   -4.645   -4.607   -4.575   -4.407   -4.314
   -4.176   -3.936   -3.881   -3.657   -3.572   -3.567   -3.515   -3.454   -3.356   -3.281
   -3.205   -3.144   -3.062   -3.008   -2.921   -2.541   -2.477   -2.369   -2.286   -2.197
   -2.061   -2.045   -1.977   -1.880   -1.790   -1.748   -1.452   -0.952   -0.800   -0.631
   -0.425    0.737    0.754    1.034    1.082    1.094    1.174    1.226    1.323    1.364
    1.397    1.465    1.513    1.603    1.614    1.728    1.761    1.794    1.869    1.960
            0.453292 -0.371959  0.000000
  -15.452  -15.267  -14.767  -14.418  -14.382  -14.266  -13.968  -13.936  -13.895  -13.763
  -13.565  -13.522  -13.515  -13.315  -13.256  -13.210  -12.822  -12.770   -7.447   -7.081
   -7.056   -6.922   -6.822   -6.763   -6.716   -6.673   -6.595   -6.464   -6.439   -6.333
   -6.312   -6.158   -5.554   -5.438   -5.430   -5.334   -5.176   -5.058   -5.017   -4.987
   -4.890   -4.867   -4.811   -4.730   -4.677   -4.642   -4.605   -4.567   -4.408   -4.324
   -4.173   -3.949   -3.895   -3.650   -3.584   -3.552   -3.507   -3.449   -3.368   -3.293
   -3.218   -3.129   -3.055   -2.995   -2.920   -2.549   -2.468   -2.371   -2.312   -2.193
   -2.061   -2.039   -1.966   -1.878   -1.792   -1.744   -1.456   -0.960   -0.792   -0.631
   -0.425    0.743    0.761    1.030    1.076    1.092    1.175    1.228    1.322    1.364
    1.391    1.464    1.505    1.600    1.616    1.725    1.764    1.791    1.875    1.948
            0.445335 -0.385739  0.000000
  -15.448  -15.267  -14.787  -14.398  -14.380  -14.266  -13.977  -13.940  -13.897  -13.753
  -13.565  -13.524  -13.516  -13.318  -13.256  -13.207  -12.823  -12.769   -7.443   -7.093
   -7.067   -6.920   -6.812   -6.759   -6.712   -6.678   -6.594   -6.457   -6.447   -6.333
   -6.311   -6.149   -5.560   -5.467   -5.432   -5.328   -5.171   -5.068   -5.003   -4.972
   -4.887   -4.856   -4.812   -4.731   -4.676   -4.636   -4.603   -4.559   -4.409   -4.336
   -4.170   -3.963   -3.908   -3.644   -3.599   -3.541   -3.495   -3.447   -3.373   -3.304
   -3.230   -3.114   -3.049   -2.983   -2.919   -2.558   -2.458   -2.385   -2.330   -2.188
   -2.062   -2.031   -1.956   -1.874   -1.794   -1.740   -1.460   -0.967   -0.784   -0.632
   -0.426    0.749    0.768    1.025    1.070    1.090    1.175    1.231    1.321    1.363
    1.385    1.462    1.498    1.592    1.620    1.721    1.769    1.787    1.882    1.936
            0.437379 -0.399519  0.000000
  -15.444  -15.267  -14.806  -14.382  -14.372  -14.266  -13.987  -13.945  -13.900  -13.742
  -13.564  -13.526  -13.517  -13.321  -13.256  -13.203  -12.824  -12.768   -7.439   -7.105
   -7.079   -6.918   -6.805   -6.754   -6.708   -6.683   -6.595   -6.463   -6.443   -6.331
   -6.311   -6.140   -5.566   -5.505   -5.426   -5.321   -5.165   -5.078   -4.992   -4.956
   -4.885   -4.846   -4.809   -4.734   -4.674   -4.629   -4.600   -4.552   -4.410   -4.349
   -4.165   -3.978   -3.921   -3.644   -3.612   -3.535   -3.479   -3.452   -3.369   -3.313
   -3.241   -3.099   -3.042   -2.972   -2.916   -2.567   -2.447   -2.413   -2.335   -2.183
   -2.062   -2.023   -1.948   -1.869   -1.797   -1.736   -1.465   -0.974   -0.776   -0.632
   -0.427    0.757    0.777    1.020    1.063    1.087    1.174    1.234    1.320    1.362
    1.379    1.459    1.492    1.584    1.624    1.718    1.773    1.784    1.889    1.924
            0.429423 -0.413299  0.000000
  -15.439  -15.267  -14.825  -14.377  -14.353  -14.265  -13.997  -13.949  -13.902  -13.732
  -13.564  -13.528  -13.517  -13.324  -13.257  -13.200  -12.826  -12.767   -7.434   -7.118
   -7.091   -6.915   -6.800   -6.747   -6.705   -6.686   -6.596   -6.474   -6.433   -6.329
   -6.311   -6.130   -5.571   -5.543   -5.421   -5.314   -5.159   -5.086   -4.983   -4.941
   -4.882   -4.837   -4.804   -4.738   -4.673   -4.620   -4.596   -4.545   -4.411   -4.363
   -4.159   -3.992   -3.931   -3.656   -3.614   -3.537   -3.464   -3.456   -3.360   -3.319
   -3.250   -3.085   -3.037   -2.965   -2.911   -2.578   -2.449   -2.436   -2.334   -2.177
   -2.062   -2.014   -1.942   -1.863   -1.800   -1.733   -1.471   -0.982   -0.767   -0.632
   -0.428    0.766    0.785    1.015    1.056    1.084    1.173    1.239    1.319    1.361
    1.373    1.456    1.486    1.575    1.628    1.715    1.778    1.782    1.894    1.913
            0.421466 -0.427079  0.000000
  -15.433  -15.268  -14.844  -14.374  -14.333  -14.265  -14.007  -13.954  -13.905  -13.722
  -13.563  -13.530  -13.518  -13.326  -13.257  -13.196  -12.827  -12.766   -7.429   -7.131
   -7.102   -6.911   -6.797   -6.739   -6.702   -6.687   -6.598   -6.485   -6.423   -6.325
   -6.311   -6.120   -5.582   -5.575   -5.417   -5.306   -5.153   -5.093   -4.976   -4.931
   -4.877   -4.830   -4.796   -4.741   -4.672   -4.612   -4.591   -4.539   -4.413   -4.378
   -4.151   -4.007   -3.940   -3.677   -3.610   -3.546   -3.469   -3.435   -3.356   -3.316
   -3.258   -3.071   -3.032   -2.960   -2.903   -2.589   -2.488   -2.424   -2.331   -2.172
   -2.063   -2.004   -1.936   -1.856   -1.803   -1.729   -1.477   -0.988   -0.759   -0.633
   -0.428    0.776    0.795    1.009    1.048    1.081    1.171    1.244    1.318    1.357
    1.369    1.452    1.480    1.567    1.631    1.712    1.779    1.783    1.896    1.906
            0.413510 -0.440859  0.000000
  -15.427  -15.269  -14.862  -14.370  -14.314  -14.264  -14.016  -13.959  -13.909  -13.712
  -13.563  -13.532  -13.519  -13.329  -13.258  -13.193  -12.828  -12.764   -7.424   -7.144
   -7.113   -6.907   -6.796   -6.730   -6.700   -6.685   -6.600   -6.498   -6.413   -6.319
   -6.311   -6.110   -5.618   -5.580   -5.414   -5.299   -5.147   -5.098   -4.970   -4.924
   -4.871   -4.823   -4.788   -4.741   -4.671   -4.607   -4.584   -4.533   -4.415   -4.392
   -4.141   -4.021   -3.947   -3.701   -3.606   -3.560   -3.474   -3.412   -3.361   -3.303
   -3.263   -3.059   -3.027   -2.957   -2.893   -2.600   -2.530   -2.412   -2.327   -2.166
   -2.065   -1.993   -1.931   -1.849   -1.806   -1.726   -1.484   -0.995   -0.751   -0.634
   -0.429    0.787    0.804    1.004    1.041    1.076    1.168    1.249    1.316    1.352
    1.366    1.447    1.475    1.559    1.633    1.709    1.777    1.787    1.888    1.908
            0.405554 -0.454639  0.000000
  -15.421  -15.270  -14.878  -14.367  -14.298  -14.260  -14.025  -13.964  -13.912  -13.703
  -13.562  -13.534  -13.520  -13.331  -13.258  -13.190  -12.829  -12.763   -7.418   -7.156
   -7.124   -6.902   -6.796   -6.724   -6.698   -6.682   -6.603   -6.510   -6.406   -6.313
   -6.310   -6.101   -5.654   -5.583   -5.412   -5.292   -5.142   -5.101   -4.965   -4.920
   -4.864   -4.816   -4.783   -4.738   -4.671   -4.604   -4.575   -4.527   -4.419   -4.406
   -4.129   -4.035   -3.951   -3.727   -3.609   -3.573   -3.477   -3.388   -3.367   -3.292
   -3.258   -3.048   -3.022   -2.956   -2.882   -2.612   -2.573   -2.400   -2.323   -2.161
   -2.066   -1.982   -1.925   -1.842   -1.810   -1.723   -1.492   -1.000   -0.743   -0.635
   -0.429    0.799    0.814    0.998    1.033    1.072    1.165    1.255    1.314    1.346
    1.365    1.442    1.470    1.552    1.634    1.707    1.775    1.790    1.880    1.912
            0.397597 -0.468419  0.000000
  -15.414  -15.272  -14.894  -14.363  -14.288  -14.253  -14.034  -13.968  -13.916  -13.694
  -13.562  -13.536  -13.521  -13.333  -13.258  -13.187  -12.830  -12.762   -7.413   -7.168
   -7.135   -6.898   -6.797   -6.719   -6.694   -6.677   -6.605   -6.523   -6.400   -6.313
   -6.300   -6.092   -5.689   -5.586   -5.410   -5.285   -5.137   -5.102   -4.961   -4.918
   -4.855   -4.809   -4.781   -4.732   -4.670   -4.603   -4.565   -4.521   -4.426   -4.415
   -4.115   -4.047   -3.953   -3.754   -3.625   -3.574   -3.478   -3.381   -3.357   -3.291
   -3.241   -3.039   -3.018   -2.956   -2.870   -2.625   -2.617   -2.389   -2.320   -2.156
   -2.068   -1.971   -1.919   -1.835   -1.815   -1.721   -1.500   -1.006   -0.736   -0.637
   -0.429    0.811    0.824    0.992    1.026    1.066    1.162    1.262    1.313    1.340
    1.363    1.438    1.465    1.546    1.634    1.706    1.774    1.793    1.872    1.915
            0.389641 -0.482199  0.000000
  -15.406  -15.275  -14.908  -14.359  -14.284  -14.241  -14.042  -13.972  -13.919  -13.686
  -13.561  -13.538  -13.522  -13.335  -13.259  -13.184  -12.832  -12.761   -7.407   -7.178
   -7.145   -6.892   -6.799   -6.717   -6.689   -6.672   -6.607   -6.535   -6.395   -6.315
   -6.287   -6.084   -5.721   -5.589   -5.408   -5.280   -5.134   -5.100   -4.959   -4.917
   -4.847   -4.803   -4.780   -4.722   -4.670   -4.603   -4.557   -4.515   -4.439   -4.420
   -4.099   -4.057   -3.953   -3.781   -3.650   -3.570   -3.478   -3.388   -3.333   -3.292
   -3.218   -3.033   -3.013   -2.955   -2.860   -2.664   -2.634   -2.378   -2.316   -2.151
   -2.070   -1.959   -1.912   -1.830   -1.819   -1.719   -1.508   -1.010   -0.729   -0.639
   -0.429    0.824    0.835    0.986    1.018    1.060    1.157    1.269    1.311    1.334
    1.361    1.434    1.459    1.541    1.633    1.704    1.774    1.796    1.865    1.918
            0.381685 -0.495979  0.000000
  -15.398  -15.279  -14.920  -14.355  -14.283  -14.227  -14.049  -13.975  -13.923  -13.679
  -13.561  -13.540  -13.523  -13.337  -13.259  -13.182  -12.832  -12.761   -7.402   -7.188
   -7.155   -6.887   -6.801   -6.716   -6.684   -6.665   -6.610   -6.547   -6.392   -6.316
   -6.273   -6.077   -5.751   -5.591   -5.407   -5.275   -5.132   -5.098   -4.958   -4.917
   -4.838   -4.800   -4.777   -4.711   -4.669   -4.605   -4.550   -4.509   -4.451   -4.424
   -4.083   -4.065   -3.950   -3.808   -3.677   -3.565   -3.479   -3.396   -3.311   -3.291
   -3.194   -3.028   -3.009   -2.953   -2.851   -2.709   -2.645   -2.368   -2.313   -2.147
   -2.072   -1.948   -1.905   -1.827   -1.823   -1.718   -1.516   -1.014   -0.722   -0.641
   -0.429    0.836    0.845    0.981    1.012    1.054    1.153    1.276    1.310    1.329
    1.358    1.430    1.453    1.537    1.632    1.702    1.774    1.797    1.859    1.920
            0.373728 -0.509760  0.000000
  -15.389  -15.284  -14.931  -14.350  -14.284  -14.214  -14.056  -13.977  -13.928  -13.673
  -13.561  -13.541  -13.524  -13.338  -13.260  -13.180  -12.833  -12.760   -7.397   -7.195
   -7.164   -6.882   -6.804   -6.716   -6.681   -6.658   -6.612   -6.559   -6.390   -6.317
   -6.257   -6.073   -5.778   -5.593   -5.406   -5.271   -5.130   -5.094   -4.958   -4.918
   -4.830   -4.800   -4.772   -4.700   -4.668   -4.608   -4.545   -4.502   -4.463   -4.428
   -4.074   -4.061   -3.944   -3.835   -3.705   -3.560   -3.479   -3.402   -3.303   -3.274
   -3.170   -3.025   -3.006   -2.949   -2.843   -2.753   -2.654   -2.359   -2.311   -2.143
   -2.074   -1.936   -1.898   -1.831   -1.821   -1.717   -1.525   -1.017   -0.716   -0.644
   -0.428    0.846    0.856    0.976    1.006    1.047    1.149    1.283    1.310    1.324
    1.356    1.425    1.449    1.535    1.631    1.701    1.775    1.797    1.855    1.921
            0.365772 -0.523540  0.000000
  -15.380  -15.290  -14.940  -14.346  -14.286  -14.203  -14.061  -13.978  -13.932  -13.668
  -13.561  -13.542  -13.525  -13.339  -13.260  -13.178  -12.834  -12.759   -7.392   -7.200
   -7.172   -6.877   -6.807   -6.715   -6.678   -6.649   -6.613   -6.571   -6.389   -6.318
   -6.241   -6.072   -5.800   -5.594   -5.405   -5.269   -5.128   -5.090   -4.958   -4.919
   -4.823   -4.802   -4.766   -4.689   -4.668   -4.612   -4.540   -4.495   -4.474   -4.433
   -4.077   -4.043   -3.936   -3.862   -3.733   -3.556   -3.479   -3.408   -3.303   -3.249
   -3.147   -3.025   -3.004   -2.945   -2.840   -2.793   -2.663   -2.351   -2.309   -2.140
   -2.076   -1.925   -1.890   -1.836   -1.818   -1.716   -1.532   -1.020   -0.711   -0.646
   -0.428    0.855    0.868    0.972    1.001    1.039    1.144    1.289    1.309    1.320
    1.353    1.421    1.445    1.533    1.629    1.699    1.776    1.797    1.851    1.922
            0.357816 -0.537320  0.000000
  -15.371  -15.297  -14.946  -14.342  -14.288  -14.194  -14.065  -13.979  -13.936  -13.664
  -13.561  -13.542  -13.526  -13.340  -13.260  -13.177  -12.835  -12.759   -7.389   -7.204
   -7.180   -6.872   -6.810   -6.715   -6.676   -6.640   -6.614   -6.582   -6.388   -6.319
   -6.226   -6.074   -5.818   -5.595   -5.405   -5.267   -5.127   -5.087   -4.958   -4.919
   -4.817   -4.803   -4.760   -4.679   -4.667   -4.618   -4.537   -4.490   -4.480   -4.438
   -4.079   -4.023   -3.927   -3.887   -3.760   -3.552   -3.480   -3.413   -3.304   -3.224
   -3.126   -3.027   -3.003   -2.941   -2.854   -2.816   -2.669   -2.345   -2.307   -2.137
   -2.078   -1.915   -1.884   -1.842   -1.817   -1.716   -1.539   -1.022   -0.707   -0.649
   -0.427    0.861    0.878    0.970    0.998    1.032    1.140    1.295    1.310    1.316
    1.350    1.416    1.443    1.532    1.628    1.698    1.778    1.796    1.849    1.922
            0.349860 -0.551100  0.000000
  -15.363  -15.304  -14.951  -14.339  -14.291  -14.187  -14.068  -13.978  -13.939  -13.661
  -13.561  -13.542  -13.527  -13.341  -13.260  -13.176  -12.835  -12.758   -7.387   -7.205
   -7.187   -6.868   -6.812   -6.714   -6.676   -6.632   -6.615   -6.593   -6.388   -6.319
   -6.212   -6.078   -5.830   -5.596   -5.405   -5.265   -5.125   -5.084   -4.958   -4.920
   -4.813   -4.805   -4.754   -4.670   -4.666   -4.624   -4.535   -4.493   -4.476   -4.445
   -4.079   -4.003   -3.917   -3.910   -3.783   -3.549   -3.480   -3.417   -3.304   -3.200
   -3.109   -3.033   -3.002   -2.937   -2.881   -2.819   -2.674   -2.340   -2.306   -2.135
   -2.079   -1.906   -1.878   -1.847   -1.816   -1.716   -1.544   -1.024   -0.703   -0.651
   -0.427    0.866    0.886    0.970    0.997    1.024    1.137    1.298    1.311    1.314
    1.348    1.412    1.442    1.532    1.626    1.697    1.780    1.794    1.847    1.922
            0.341903 -0.564880  0.000000
  -15.355  -15.311  -14.954  -14.336  -14.293  -14.183  -14.070  -13.977  -13.942  -13.659
  -13.561  -13.542  -13.528  -13.341  -13.260  -13.175  -12.835  -12.758   -7.385   -7.203
   -7.194   -6.865   -6.814   -6.714   -6.675   -6.625   -6.615   -6.602   -6.387   -6.320
   -6.202   -6.083   -5.837   -5.596   -5.405   -5.265   -5.125   -5.083   -4.958   -4.920
   -4.810   -4.806   -4.751   -4.665   -4.664   -4.629   -4.534   -4.496   -4.470   -4.451
   -4.078   -3.984   -3.933   -3.908   -3.800   -3.547   -3.481   -3.419   -3.304   -3.179
   -3.098   -3.042   -3.001   -2.934   -2.901   -2.819   -2.676   -2.338   -2.305   -2.134
   -2.080   -1.899   -1.874   -1.850   -1.816   -1.716   -1.548   -1.025   -0.701   -0.652
   -0.427    0.869    0.891    0.971    0.997    1.017    1.135    1.300    1.311    1.314
    1.346    1.409    1.441    1.531    1.626    1.696    1.782    1.793    1.846    1.921
            0.333947 -0.578660  0.000000
  -15.352  -15.314  -14.955  -14.335  -14.294  -14.182  -14.071  -13.976  -13.943  -13.659
  -13.561  -13.542  -13.528  -13.341  -13.260  -13.175  -12.835  -12.758   -7.385   -7.201
   -7.198   -6.864   -6.815   -6.714   -6.675   -6.622   -6.614   -6.606   -6.387   -6.320
   -6.198   -6.086   -5.839   -5.596   -5.405   -5.264   -5.124   -5.082   -4.958   -4.920
   -4.810   -4.807   -4.750   -4.664   -4.662   -4.632   -4.534   -4.497   -4.465   -4.456
   -4.078   -3.973   -3.944   -3.905   -3.807   -3.547   -3.481   -3.419   -3.304   -3.169
   -3.097   -3.047   -3.001   -2.933   -2.907   -2.820   -2.677   -2.337   -2.305   -2.133
   -2.080   -1.897   -1.873   -1.851   -1.816   -1.716   -1.549   -1.025   -0.701   -0.653
   -0.427    0.869    0.892    0.972    0.998    1.013    1.134    1.301    1.311    1.315
    1.345    1.408    1.441    1.531    1.625    1.696    1.783    1.793    1.846    1.921
            0.325996 -0.564882  0.000000
  -15.356  -15.310  -14.954  -14.336  -14.292  -14.184  -14.070  -13.977  -13.941  -13.660
  -13.561  -13.543  -13.527  -13.341  -13.260  -13.175  -12.835  -12.758   -7.385   -7.205
   -7.192   -6.866   -6.814   -6.714   -6.675   -6.625   -6.614   -6.601   -6.388   -6.320
   -6.202   -6.082   -5.837   -5.596   -5.405   -5.265   -5.125   -5.083   -4.958   -4.920
   -4.810   -4.806   -4.751   -4.667   -4.661   -4.630   -4.534   -4.496   -4.470   -4.451
   -4.079   -3.983   -3.933   -3.907   -3.801   -3.547   -3.481   -3.419   -3.304   -3.183
   -3.091   -3.044   -3.001   -2.934   -2.902   -2.819   -2.677   -2.338   -2.305   -2.134
   -2.080   -1.900   -1.874   -1.850   -1.816   -1.716   -1.547   -1.025   -0.701   -0.652
   -0.427    0.869    0.891    0.971    0.996    1.017    1.135    1.300    1.311    1.314
    1.346    1.409    1.441    1.531    1.626    1.697    1.782    1.793    1.846    1.921
            0.318045 -0.551105  0.000000
  -15.365  -15.301  -14.951  -14.340  -14.290  -14.187  -14.069  -13.980  -13.938  -13.661
  -13.561  -13.543  -13.526  -13.341  -13.260  -13.176  -12.835  -12.758   -7.386   -7.209
   -7.184   -6.869   -6.812   -6.715   -6.675   -6.631   -6.614   -6.594   -6.388   -6.319
   -6.214   -6.073   -5.833   -5.596   -5.405   -5.265   -5.126   -5.084   -4.958   -4.920
   -4.813   -4.806   -4.754   -4.675   -4.661   -4.625   -4.534   -4.493   -4.477   -4.443
   -4.086   -4.000   -3.916   -3.907   -3.785   -3.549   -3.480   -3.417   -3.305   -3.219
   -3.074   -3.040   -3.000   -2.937   -2.890   -2.819   -2.675   -2.340   -2.306   -2.135
   -2.080   -1.906   -1.880   -1.846   -1.816   -1.716   -1.543   -1.024   -0.703   -0.651
   -0.427    0.867    0.888    0.967    0.992    1.027    1.138    1.300    1.310    1.313
    1.348    1.412    1.441    1.531    1.627    1.698    1.780    1.794    1.847    1.923
            0.310094 -0.537327  0.000000
  -15.377  -15.290  -14.948  -14.345  -14.285  -14.191  -14.067  -13.984  -13.932  -13.663
  -13.561  -13.545  -13.525  -13.340  -13.260  -13.176  -12.835  -12.759   -7.387   -7.212
   -7.174   -6.874   -6.808   -6.717   -6.676   -6.637   -6.612   -6.586   -6.389   -6.319
   -6.232   -6.059   -5.827   -5.595   -5.404   -5.266   -5.128   -5.087   -4.958   -4.919
   -4.817   -4.804   -4.758   -4.685   -4.663   -4.620   -4.532   -4.489   -4.485   -4.432
   -4.099   -4.016   -3.907   -3.893   -3.763   -3.552   -3.479   -3.413   -3.307   -3.263
   -3.055   -3.037   -2.999   -2.940   -2.873   -2.817   -2.673   -2.344   -2.309   -2.137
   -2.079   -1.915   -1.888   -1.840   -1.816   -1.717   -1.536   -1.023   -0.706   -0.649
   -0.428    0.864    0.883    0.961    0.989    1.039    1.144    1.298    1.306    1.316
    1.352    1.417    1.441    1.531    1.629    1.700    1.778    1.794    1.849    1.925
            0.302142 -0.523549  0.000000
  -15.391  -15.277  -14.942  -14.351  -14.280  -14.197  -14.065  -13.989  -13.926  -13.666
  -13.561  -13.546  -13.523  -13.339  -13.260  -13.178  -12.834  -12.759   -7.388   -7.214
   -7.162   -6.881   -6.804   -6.719   -6.677   -6.641   -6.610   -6.578   -6.390   -6.317
   -6.251   -6.043   -5.819   -5.595   -5.404   -5.268   -5.132   -5.090   -4.958   -4.918
   -4.822   -4.803   -4.763   -4.696   -4.667   -4.616   -4.530   -4.494   -4.483   -4.420
   -4.118   -4.030   -3.897   -3.874   -3.738   -3.557   -3.478   -3.409   -3.324   -3.294
   -3.037   -3.034   -2.999   -2.942   -2.853   -2.815   -2.671   -2.349   -2.313   -2.139
   -2.077   -1.926   -1.898   -1.834   -1.817   -1.717   -1.526   -1.021   -0.710   -0.647
   -0.429    0.860    0.878    0.953    0.985    1.052    1.151    1.294    1.303    1.320
    1.356    1.423    1.441    1.531    1.631    1.703    1.776    1.793    1.852    1.930
            0.294191 -0.509772  0.000000
  -15.405  -15.263  -14.936  -14.358  -14.275  -14.203  -14.062  -13.993  -13.920  -13.670
  -13.561  -13.548  -13.521  -13.338  -13.260  -13.179  -12.833  -12.759   -7.389   -7.215
   -7.149   -6.888   -6.799   -6.723   -6.678   -6.644   -6.607   -6.570   -6.393   -6.316
   -6.270   -6.025   -5.811   -5.594   -5.404   -5.270   -5.136   -5.093   -4.959   -4.916
   -4.829   -4.801   -4.768   -4.707   -4.674   -4.614   -4.527   -4.500   -4.475   -4.407
   -4.141   -4.043   -3.882   -3.855   -3.711   -3.564   -3.477   -3.403   -3.370   -3.299
   -3.036   -3.020   -2.998   -2.940   -2.834   -2.810   -2.668   -2.355   -2.318   -2.143
   -2.076   -1.938   -1.910   -1.830   -1.817   -1.718   -1.513   -1.018   -0.714   -0.644
   -0.430    0.856    0.872    0.945    0.981    1.064    1.159    1.289    1.302    1.325
    1.360    1.431    1.441    1.530    1.635    1.706    1.775    1.792    1.855    1.936
            0.286240 -0.495994  0.000000
  -15.420  -15.249  -14.928  -14.366  -14.269  -14.209  -14.060  -13.998  -13.915  -13.673
  -13.562  -13.549  -13.519  -13.337  -13.259  -13.180  -12.832  -12.760   -7.390   -7.216
   -7.134   -6.897   -6.794   -6.727   -6.681   -6.646   -6.604   -6.563   -6.397   -6.315
   -6.287   -6.007   -5.803   -5.593   -5.403   -5.273   -5.143   -5.097   -4.961   -4.914
   -4.836   -4.800   -4.773   -4.717   -4.683   -4.612   -4.525   -4.506   -4.465   -4.392
   -4.167   -4.055   -3.863   -3.836   -3.681   -3.572   -3.477   -3.417   -3.396   -3.300
   -3.038   -3.019   -2.989   -2.933   -2.820   -2.800   -2.667   -2.363   -2.324   -2.147
   -2.075   -1.951   -1.923   -1.830   -1.816   -1.720   -1.498   -1.015   -0.717   -0.642
   -0.432    0.851    0.866    0.937    0.976    1.075    1.169    1.283    1.301    1.331
    1.365    1.437    1.442    1.530    1.639    1.710    1.775    1.790    1.859    1.944
            0.278289 -0.482217  0.000000
  -15.435  -15.234  -14.919  -14.373  -14.264  -14.214  -14.058  -14.002  -13.910  -13.678
  -13.562  -13.551  -13.517  -13.335  -13.259  -13.182  -12.831  -12.761   -7.390   -7.215
   -7.119   -6.906   -6.790   -6.731   -6.683   -6.648   -6.600   -6.555   -6.403   -6.313
   -6.300   -5.989   -5.794   -5.592   -5.403   -5.276   -5.150   -5.100   -4.964   -4.912
   -4.843   -4.800   -4.779   -4.727   -4.693   -4.612   -4.524   -4.509   -4.453   -4.377
   -4.195   -4.064   -3.843   -3.816   -3.651   -3.585   -3.486   -3.453   -3.389   -3.300
   -3.042   -3.024   -2.976   -2.921   -2.813   -2.781   -2.666   -2.371   -2.333   -2.152
   -2.075   -1.966   -1.936   -1.833   -1.813   -1.722   -1.480   -1.012   -0.721   -0.639
   -0.435    0.847    0.860    0.930    0.971    1.084    1.178    1.279    1.302    1.337
    1.370    1.438    1.449    1.529    1.644    1.712    1.777    1.788    1.864    1.954
            0.270338 -0.468439  0.000000
  -15.450  -15.219  -14.910  -14.382  -14.261  -14.218  -14.058  -14.004  -13.906  -13.682
  -13.562  -13.553  -13.516  -13.332  -13.258  -13.184  -12.830  -12.761   -7.390   -7.214
   -7.103   -6.915   -6.786   -6.736   -6.686   -6.648   -6.597   -6.548   -6.411   -6.312
   -6.308   -5.972   -5.786   -5.591   -5.402   -5.280   -5.158   -5.104   -4.969   -4.909
   -4.848   -4.804   -4.786   -4.735   -4.702   -4.614   -4.525   -4.510   -4.439   -4.360
   -4.221   -4.072   -3.824   -3.794   -3.627   -3.600   -3.513   -3.461   -3.381   -3.300
   -3.053   -3.028   -2.963   -2.905   -2.809   -2.760   -2.666   -2.381   -2.342   -2.157
   -2.076   -1.980   -1.948   -1.837   -1.809   -1.724   -1.461   -1.008   -0.725   -0.636
   -0.437    0.842    0.854    0.923    0.965    1.091    1.186    1.276    1.303    1.344
    1.375    1.438    1.457    1.529    1.649    1.714    1.780    1.789    1.869    1.965
            0.262387 -0.454661  0.000000
  -15.466  -15.203  -14.899  -14.390  -14.262  -14.218  -14.058  -14.005  -13.903  -13.687
  -13.563  -13.555  -13.515  -13.330  -13.258  -13.186  -12.829  -12.762   -7.389   -7.212
   -7.086   -6.925   -6.782   -6.740   -6.688   -6.649   -6.595   -6.541   -6.421   -6.315
   -6.307   -5.955   -5.777   -5.590   -5.401   -5.284   -5.168   -5.109   -4.976   -4.908
   -4.852   -4.813   -4.794   -4.741   -4.709   -4.617   -4.527   -4.509   -4.426   -4.344
   -4.246   -4.079   -3.808   -3.772   -3.645   -3.584   -3.534   -3.459   -3.372   -3.300
   -3.068   -3.029   -2.950   -2.889   -2.805   -2.739   -2.666   -2.391   -2.353   -2.164
   -2.078   -1.995   -1.961   -1.844   -1.806   -1.726   -1.440   -1.003   -0.728   -0.634
   -0.440    0.838    0.848    0.917    0.960    1.096    1.191    1.274    1.306    1.350
    1.380    1.437    1.467    1.529    1.654    1.713    1.781    1.796    1.876    1.978
            0.254436 -0.440884  0.000000
  -15.481  -15.186  -14.888  -14.399  -14.265  -14.215  -14.061  -14.004  -13.902  -13.691
  -13.565  -13.557  -13.515  -13.326  -13.258  -13.188  -12.827  -12.763   -7.387   -7.208
   -7.070   -6.934   -6.779   -6.745   -6.689   -6.649   -6.594   -6.536   -6.428   -6.316
   -6.304   -5.938   -5.769   -5.589   -5.400   -5.289   -5.177   -5.114   -4.985   -4.906
   -4.853   -4.827   -4.803   -4.744   -4.713   -4.621   -4.528   -4.506   -4.416   -4.328
   -4.265   -4.084   -3.794   -3.753   -3.681   -3.565   -3.535   -3.456   -3.363   -3.300
   -3.085   -3.028   -2.937   -2.873   -2.801   -2.717   -2.668   -2.403   -2.366   -2.172
   -2.082   -2.010   -1.971   -1.851   -1.804   -1.729   -1.418   -0.998   -0.731   -0.632
   -0.444    0.833    0.843    0.911    0.954    1.097    1.194    1.274    1.314    1.354
    1.384    1.437    1.476    1.531    1.658    1.712    1.782    1.808    1.882    1.991
            0.246485 -0.427106  0.000000
  -15.497  -15.169  -14.877  -14.407  -14.271  -14.209  -14.064  -14.002  -13.902  -13.696
  -13.566  -13.559  -13.515  -13.323  -13.258  -13.190  -12.825  -12.764   -7.384   -7.204
   -7.053   -6.943   -6.777   -6.750   -6.690   -6.650   -6.597   -6.530   -6.433   -6.315
   -6.301   -5.922   -5.761   -5.588   -5.399   -5.294   -5.188   -5.120   -4.995   -4.906
   -4.853   -4.846   -4.811   -4.746   -4.712   -4.627   -4.529   -4.504   -4.412   -4.314
   -4.275   -4.088   -3.786   -3.760   -3.695   -3.565   -3.509   -3.452   -3.355   -3.299
   -3.103   -3.026   -2.925   -2.858   -2.796   -2.697   -2.670   -2.416   -2.379   -2.181
   -2.088   -2.025   -1.980   -1.859   -1.802   -1.732   -1.396   -0.993   -0.733   -0.630
   -0.448    0.828    0.839    0.906    0.948    1.096    1.194    1.273    1.326    1.357
    1.387    1.437    1.487    1.534    1.660    1.711    1.784    1.824    1.890    2.006
            0.238533 -0.413328  0.000000
  -15.512  -15.152  -14.864  -14.415  -14.278  -14.202  -14.069  -13.998  -13.903  -13.701
  -13.568  -13.561  -13.515  -13.319  -13.257  -13.192  -12.823  -12.765   -7.380   -7.199
   -7.038   -6.951   -6.777   -6.753   -6.691   -6.650   -6.604   -6.525   -6.432   -6.312
   -6.298   -5.907   -5.754   -5.586   -5.398   -5.300   -5.198   -5.128   -5.005   -4.909
   -4.868   -4.852   -4.817   -4.747   -4.709   -4.633   -4.529   -4.501   -4.417   -4.303
   -4.270   -4.090   -3.813   -3.765   -3.682   -3.565   -3.477   -3.447   -3.346   -3.298
   -3.121   -3.024   -2.913   -2.846   -2.789   -2.677   -2.673   -2.429   -2.394   -2.192
   -2.097   -2.039   -1.987   -1.867   -1.801   -1.735   -1.372   -0.987   -0.734   -0.628
   -0.452    0.822    0.835    0.902    0.943    1.092    1.192    1.270    1.342    1.357
    1.389    1.438    1.499    1.538    1.659    1.713    1.788    1.841    1.897    2.020
            0.230582 -0.399551  0.000000
  -15.527  -15.134  -14.852  -14.424  -14.286  -14.193  -14.075  -13.993  -13.906  -13.706
  -13.571  -13.563  -13.516  -13.315  -13.257  -13.194  -12.821  -12.766   -7.376   -7.193
   -7.025   -6.956   -6.780   -6.755   -6.692   -6.649   -6.615   -6.521   -6.427   -6.307
   -6.294   -5.893   -5.747   -5.585   -5.398   -5.307   -5.208   -5.136   -5.016   -4.916
   -4.893   -4.853   -4.818   -4.748   -4.704   -4.639   -4.528   -4.498   -4.430   -4.291
   -4.258   -4.092   -3.860   -3.757   -3.668   -3.557   -3.454   -3.433   -3.338   -3.297
   -3.139   -3.021   -2.900   -2.838   -2.779   -2.679   -2.656   -2.444   -2.410   -2.204
   -2.106   -2.054   -1.992   -1.876   -1.800   -1.738   -1.348   -0.981   -0.734   -0.626
   -0.456    0.817    0.833    0.898    0.937    1.085    1.190    1.267    1.352    1.365
    1.390    1.438    1.512    1.544    1.653    1.719    1.794    1.860    1.905    2.034
            0.222631 -0.385773  0.000000
  -15.541  -15.116  -14.838  -14.432  -14.294  -14.184  -14.081  -13.988  -13.910  -13.711
  -13.574  -13.565  -13.517  -13.310  -13.257  -13.196  -12.819  -12.766   -7.371   -7.187
   -7.017   -6.955   -6.785   -6.755   -6.692   -6.651   -6.626   -6.516   -6.418   -6.302
   -6.289   -5.879   -5.740   -5.584   -5.397   -5.314   -5.218   -5.147   -5.027   -4.929
   -4.918   -4.854   -4.814   -4.748   -4.699   -4.643   -4.526   -4.496   -4.446   -4.278
   -4.242   -4.091   -3.909   -3.748   -3.661   -3.541   -3.446   -3.404   -3.331   -3.294
   -3.156   -3.017   -2.888   -2.833   -2.767   -2.684   -2.638   -2.460   -2.426   -2.218
   -2.117   -2.070   -1.996   -1.886   -1.801   -1.742   -1.324   -0.975   -0.734   -0.625
   -0.460    0.811    0.832    0.895    0.932    1.076    1.186    1.263    1.348    1.382
    1.392    1.440    1.526    1.552    1.645    1.727    1.801    1.880    1.913    2.043
            0.214680 -0.371996  0.000000
  -15.556  -15.097  -14.825  -14.440  -14.303  -14.175  -14.087  -13.982  -13.916  -13.716
  -13.576  -13.568  -13.519  -13.305  -13.257  -13.197  -12.817  -12.767   -7.364   -7.179
   -7.017   -6.947   -6.791   -6.754   -6.693   -6.658   -6.632   -6.511   -6.405   -6.297
   -6.283   -5.867   -5.734   -5.582   -5.397   -5.322   -5.228   -5.158   -5.038   -4.951
   -4.937   -4.854   -4.807   -4.747   -4.697   -4.644   -4.523   -4.498   -4.459   -4.265
   -4.227   -4.088   -3.956   -3.740   -3.660   -3.519   -3.441   -3.373   -3.324   -3.291
   -3.172   -3.012   -2.876   -2.830   -2.754   -2.691   -2.620   -2.477   -2.443   -2.234
   -2.128   -2.086   -1.998   -1.896   -1.801   -1.745   -1.299   -0.968   -0.732   -0.624
   -0.464    0.807    0.831    0.892    0.928    1.065    1.183    1.259    1.342    1.382
    1.412    1.441    1.538    1.563    1.636    1.738    1.810    1.900    1.922    2.047
            0.206729 -0.358218  0.000000
  -15.570  -15.078  -14.810  -14.448  -14.311  -14.165  -14.094  -13.976  -13.922  -13.721
  -13.580  -13.571  -13.521  -13.300  -13.257  -13.198  -12.815  -12.768   -7.357   -7.171
   -7.022   -6.933   -6.799   -6.752   -6.693   -6.673   -6.631   -6.505   -6.391   -6.293
   -6.275   -5.856   -5.728   -5.581   -5.397   -5.331   -5.236   -5.171   -5.048   -4.979
   -4.955   -4.856   -4.799   -4.745   -4.699   -4.641   -4.519   -4.507   -4.464   -4.255
   -4.213   -4.084   -3.998   -3.733   -3.662   -3.492   -3.438   -3.349   -3.311   -3.289
   -3.185   -3.006   -2.865   -2.828   -2.741   -2.698   -2.603   -2.496   -2.460   -2.250
   -2.139   -2.103   -2.001   -1.905   -1.803   -1.749   -1.275   -0.962   -0.729   -0.623
   -0.468    0.802    0.831    0.889    0.924    1.053    1.179    1.254    1.334    1.376
    1.436    1.443    1.548    1.574    1.630    1.749    1.820    1.917    1.934    2.050
            0.198778 -0.344440  0.000000
  -15.583  -15.059  -14.796  -14.456  -14.320  -14.155  -14.100  -13.970  -13.930  -13.725
  -13.584  -13.575  -13.523  -13.295  -13.257  -13.199  -12.812  -12.769   -7.349   -7.162
   -7.030   -6.917   -6.807   -6.751   -6.694   -6.690   -6.626   -6.500   -6.374   -6.288
   -6.266   -5.845   -5.723   -5.580   -5.398   -5.341   -5.244   -5.185   -5.060   -5.007
   -4.973   -4.858   -4.792   -4.741   -4.703   -4.634   -4.524   -4.512   -4.463   -4.254
   -4.201   -4.076   -4.030   -3.728   -3.667   -3.465   -3.433   -3.337   -3.290   -3.287
   -3.194   -3.000   -2.858   -2.824   -2.731   -2.704   -2.587   -2.515   -2.477   -2.268
   -2.150   -2.119   -2.005   -1.913   -1.804   -1.753   -1.250   -0.955   -0.725   -0.623
   -0.471    0.798    0.832    0.886    0.921    1.039    1.175    1.249    1.325    1.369
    1.443    1.463    1.557    1.580    1.631    1.761    1.831    1.928    1.951    2.054
            0.190827 -0.330663  0.000000
  -15.597  -15.039  -14.781  -14.464  -14.328  -14.146  -14.107  -13.964  -13.938  -13.730
  -13.588  -13.578  -13.526  -13.291  -13.256  -13.200  -12.810  -12.769   -7.341   -7.153
   -7.038   -6.900   -6.816   -6.750   -6.711   -6.692   -6.620   -6.495   -6.356   -6.284
   -6.255   -5.836   -5.718   -5.579   -5.399   -5.352   -5.251   -5.199   -5.074   -5.034
   -4.991   -4.864   -4.785   -4.736   -4.706   -4.625   -4.539   -4.507   -4.458   -4.265
   -4.191   -4.065   -4.049   -3.723   -3.673   -3.445   -3.420   -3.333   -3.292   -3.258
   -3.196   -2.992   -2.855   -2.817   -2.729   -2.702   -2.573   -2.535   -2.493   -2.286
   -2.161   -2.137   -2.010   -1.920   -1.806   -1.757   -1.225   -0.949   -0.721   -0.623
   -0.474    0.795    0.833    0.882    0.918    1.025    1.170    1.243    1.315    1.361
    1.444    1.489    1.565    1.576    1.645    1.774    1.842    1.935    1.970    2.058
            0.182876 -0.316885  0.000000
  -15.609  -15.019  -14.767  -14.471  -14.336  -14.136  -14.112  -13.961  -13.945  -13.735
  -13.593  -13.581  -13.530  -13.288  -13.255  -13.200  -12.807  -12.770   -7.331   -7.143
   -7.047   -6.884   -6.824   -6.749   -6.729   -6.690   -6.613   -6.491   -6.337   -6.280
   -6.244   -5.828   -5.713   -5.578   -5.401   -5.363   -5.257   -5.214   -5.093   -5.059
   -5.009   -4.873   -4.778   -4.730   -4.706   -4.615   -4.552   -4.500   -4.452   -4.290
   -4.182   -4.054   -4.051   -3.720   -3.678   -3.440   -3.395   -3.330   -3.299   -3.233
   -3.189   -2.984   -2.855   -2.807   -2.737   -2.694   -2.564   -2.552   -2.508   -2.305
   -2.172   -2.154   -2.018   -1.924   -1.808   -1.761   -1.201   -0.943   -0.715   -0.623
   -0.477    0.792    0.834    0.879    0.917    1.011    1.166    1.238    1.305    1.352
    1.443    1.514    1.564    1.577    1.666    1.786    1.853    1.940    1.988    2.061
            0.174925 -0.303108  0.000000
  -15.622  -14.999  -14.752  -14.478  -14.344  -14.130  -14.114  -13.965  -13.945  -13.739
  -13.600  -13.584  -13.533  -13.286  -13.252  -13.200  -12.805  -12.770   -7.321   -7.134
   -7.055   -6.868   -6.833   -6.751   -6.745   -6.687   -6.605   -6.486   -6.317   -6.276
   -6.231   -5.821   -5.709   -5.577   -5.404   -5.375   -5.263   -5.229   -5.117   -5.081
   -5.026   -4.886   -4.771   -4.730   -4.697   -4.609   -4.561   -4.492   -4.445   -4.323
   -4.176   -4.049   -4.035   -3.718   -3.683   -3.440   -3.368   -3.327   -3.306   -3.216
   -3.169   -2.976   -2.858   -2.796   -2.748   -2.685   -2.577   -2.552   -2.519   -2.324
   -2.184   -2.171   -2.029   -1.927   -1.811   -1.766   -1.177   -0.937   -0.708   -0.623
   -0.479    0.789    0.836    0.875    0.917    0.996    1.161    1.232    1.294    1.343
    1.441    1.532    1.560    1.586    1.690    1.798    1.863    1.945    2.003    2.062
            0.166973 -0.289330  0.000000
  -15.634  -14.978  -14.737  -14.485  -14.352  -14.132  -14.109  -13.975  -13.940  -13.743
  -13.607  -13.587  -13.537  -13.285  -13.249  -13.200  -12.802  -12.771   -7.310   -7.125
   -7.062   -6.854   -6.841   -6.767   -6.749   -6.681   -6.596   -6.482   -6.296   -6.271
   -6.218   -5.814   -5.705   -5.577   -5.408   -5.386   -5.268   -5.243   -5.145   -5.102
   -5.042   -4.901   -4.764   -4.731   -4.683   -4.608   -4.562   -4.483   -4.438   -4.362
   -4.172   -4.037   -4.015   -3.719   -3.686   -3.442   -3.348   -3.323   -3.309   -3.207
   -3.141   -2.966   -2.862   -2.787   -2.757   -2.678   -2.596   -2.557   -2.519   -2.342
   -2.198   -2.187   -2.042   -1.928   -1.814   -1.770   -1.153   -0.932   -0.702   -0.623
   -0.480    0.787    0.837    0.871    0.917    0.982    1.156    1.226    1.283    1.333
    1.438    1.526    1.578    1.597    1.715    1.809    1.873    1.948    2.017    2.061
            0.159022 -0.275552  0.000000
  -15.645  -14.957  -14.722  -14.492  -14.359  -14.137  -14.100  -13.987  -13.934  -13.748
  -13.615  -13.590  -13.541  -13.285  -13.244  -13.199  -12.799  -12.771   -7.299   -7.117
   -7.066   -6.853   -6.839   -6.784   -6.750   -6.674   -6.586   -6.478   -6.274   -6.266
   -6.203   -5.809   -5.701   -5.577   -5.416   -5.395   -5.275   -5.256   -5.174   -5.123
   -5.057   -4.918   -4.757   -4.734   -4.666   -4.614   -4.556   -4.474   -4.431   -4.401
   -4.169   -4.022   -3.995   -3.723   -3.688   -3.446   -3.344   -3.321   -3.293   -3.198
   -3.109   -2.956   -2.867   -2.788   -2.759   -2.677   -2.612   -2.568   -2.512   -2.359
   -2.213   -2.201   -2.057   -1.927   -1.817   -1.775   -1.130   -0.926   -0.695   -0.622
   -0.481    0.785    0.837    0.868    0.918    0.969    1.151    1.220    1.272    1.323
    1.433    1.512    1.602    1.609    1.741    1.820    1.881    1.951    2.030    2.058
            0.151071 -0.261775  0.000000
  -15.656  -14.936  -14.707  -14.499  -14.366  -14.143  -14.090  -13.999  -13.928  -13.752
  -13.623  -13.592  -13.545  -13.287  -13.239  -13.199  -12.797  -12.771   -7.287   -7.113
   -7.067   -6.861   -6.830   -6.799   -6.752   -6.664   -6.577   -6.475   -6.261   -6.251
   -6.187   -5.804   -5.698   -5.577   -5.428   -5.401   -5.284   -5.264   -5.204   -5.146
   -5.073   -4.936   -4.749   -4.735   -4.648   -4.623   -4.546   -4.464   -4.443   -4.420
   -4.168   -4.005   -3.973   -3.728   -3.688   -3.451   -3.349   -3.320   -3.267   -3.190
   -3.078   -2.947   -2.871   -2.799   -2.751   -2.683   -2.623   -2.580   -2.503   -2.376
   -2.230   -2.213   -2.073   -1.924   -1.820   -1.780   -1.107   -0.921   -0.690   -0.620
   -0.481    0.782    0.835    0.867    0.920    0.958    1.146    1.214    1.262    1.313
    1.428    1.497    1.618    1.631    1.767    1.830    1.885    1.954    2.040    2.056
            0.143120 -0.247997  0.000000
  -15.667  -14.914  -14.692  -14.505  -14.373  -14.149  -14.081  -14.011  -13.922  -13.756
  -13.632  -13.594  -13.550  -13.289  -13.233  -13.197  -12.794  -12.771   -7.275   -7.112
   -7.063   -6.870   -6.828   -6.809   -6.755   -6.651   -6.567   -6.471   -6.254   -6.229
   -6.170   -5.800   -5.695   -5.578   -5.443   -5.405   -5.297   -5.270   -5.233   -5.169
   -5.090   -4.953   -4.743   -4.735   -4.633   -4.629   -4.539   -4.475   -4.453   -4.413
   -4.167   -3.988   -3.950   -3.734   -3.689   -3.459   -3.356   -3.318   -3.242   -3.181
   -3.046   -2.938   -2.875   -2.815   -2.742   -2.697   -2.632   -2.586   -2.495   -2.392
   -2.247   -2.226   -2.091   -1.921   -1.823   -1.786   -1.084   -0.917   -0.686   -0.615
   -0.480    0.779    0.830    0.867    0.922    0.949    1.141    1.208    1.253    1.302
    1.422    1.480    1.629    1.657    1.791    1.840    1.887    1.960    2.042    2.062
            0.135169 -0.234219  0.000000
  -15.677  -14.893  -14.677  -14.511  -14.380  -14.155  -14.074  -14.022  -13.917  -13.760
  -13.642  -13.596  -13.554  -13.292  -13.227  -13.196  -12.792  -12.771   -7.263   -7.114
   -7.055   -6.879   -6.838   -6.808   -6.758   -6.637   -6.558   -6.468   -6.246   -6.207
   -6.152   -5.796   -5.693   -5.580   -5.459   -5.408   -5.311   -5.277   -5.259   -5.193
   -5.108   -4.970   -4.743   -4.729   -4.642   -4.612   -4.543   -4.493   -4.442   -4.404
   -4.168   -3.970   -3.927   -3.740   -3.689   -3.467   -3.361   -3.316   -3.220   -3.169
   -3.015   -2.931   -2.876   -2.832   -2.733   -2.715   -2.642   -2.588   -2.488   -2.406
   -2.265   -2.238   -2.110   -1.918   -1.827   -1.791   -1.063   -0.912   -0.685   -0.608
   -0.479    0.776    0.822    0.871    0.924    0.945    1.135    1.203    1.244    1.291
    1.415    1.463    1.641    1.683    1.813    1.850    1.885    1.968    2.039    2.075
            0.127218 -0.220442  0.000000
  -15.686  -14.871  -14.663  -14.516  -14.387  -14.160  -14.072  -14.028  -13.911  -13.765
  -13.652  -13.598  -13.559  -13.295  -13.222  -13.195  -12.789  -12.771   -7.251   -7.117
   -7.045   -6.887   -6.851   -6.804   -6.761   -6.621   -6.550   -6.464   -6.237   -6.185
   -6.132   -5.793   -5.691   -5.583   -5.476   -5.412   -5.325   -5.297   -5.271   -5.217
   -5.128   -4.987   -4.745   -4.720   -4.651   -4.598   -4.560   -4.489   -4.430   -4.396
   -4.168   -3.952   -3.903   -3.746   -3.690   -3.476   -3.366   -3.313   -3.204   -3.151
   -2.985   -2.927   -2.874   -2.850   -2.735   -2.727   -2.651   -2.586   -2.482   -2.419
   -2.283   -2.250   -2.130   -1.914   -1.831   -1.796   -1.042   -0.908   -0.687   -0.598
   -0.477    0.772    0.811    0.875    0.926    0.944    1.129    1.198    1.236    1.280
    1.407    1.446    1.653    1.708    1.829    1.861    1.884    1.978    2.036    2.091
            0.119267 -0.206664  0.000000
  -15.695  -14.849  -14.648  -14.521  -14.393  -14.166  -14.077  -14.026  -13.906  -13.769
  -13.662  -13.600  -13.563  -13.299  -13.216  -13.193  -12.787  -12.771   -7.240   -7.119
   -7.034   -6.896   -6.865   -6.801   -6.764   -6.605   -6.542   -6.460   -6.227   -6.164
   -6.111   -5.791   -5.689   -5.587   -5.495   -5.415   -5.341   -5.322   -5.276   -5.241
   -5.148   -5.003   -4.747   -4.712   -4.659   -4.607   -4.560   -4.477   -4.419   -4.387
   -4.170   -3.935   -3.879   -3.753   -3.691   -3.485   -3.370   -3.309   -3.194   -3.130
   -2.956   -2.927   -2.869   -2.867   -2.754   -2.727   -2.657   -2.582   -2.477   -2.429
   -2.301   -2.263   -2.150   -1.910   -1.835   -1.802   -1.021   -0.903   -0.690   -0.586
   -0.475    0.767    0.798    0.881    0.927    0.946    1.123    1.192    1.229    1.268
    1.399    1.429    1.664    1.731    1.838    1.866    1.893    1.990    2.032    2.107
            0.111316 -0.192887  0.000000
  -15.704  -14.827  -14.635  -14.526  -14.399  -14.172  -14.088  -14.019  -13.901  -13.773
  -13.673  -13.601  -13.568  -13.303  -13.211  -13.191  -12.785  -12.771   -7.230   -7.120
   -7.023   -6.904   -6.877   -6.799   -6.767   -6.589   -6.536   -6.455   -6.214   -6.143
   -6.088   -5.789   -5.688   -5.592   -5.515   -5.417   -5.363   -5.341   -5.283   -5.262
   -5.169   -5.018   -4.749   -4.704   -4.667   -4.628   -4.544   -4.463   -4.407   -4.378
   -4.172   -3.919   -3.856   -3.759   -3.693   -3.494   -3.373   -3.306   -3.188   -3.106
   -2.938   -2.922   -2.887   -2.859   -2.772   -2.734   -2.657   -2.579   -2.473   -2.437
   -2.318   -2.275   -2.171   -1.905   -1.840   -1.807   -1.002   -0.899   -0.694   -0.574
   -0.472    0.761    0.784    0.887    0.930    0.951    1.117    1.188    1.223    1.257
    1.390    1.412    1.675    1.753    1.842    1.865    1.910    2.004    2.029    2.124
            0.103365 -0.179109  0.000000
  -15.711  -14.804  -14.622  -14.531  -14.405  -14.177  -14.101  -14.010  -13.897  -13.778
  -13.683  -13.602  -13.572  -13.307  -13.205  -13.189  -12.783  -12.771   -7.223   -7.117
   -7.012   -6.912   -6.889   -6.799   -6.769   -6.574   -6.531   -6.447   -6.200   -6.123
   -6.064   -5.787   -5.687   -5.598   -5.535   -5.420   -5.389   -5.356   -5.298   -5.275
   -5.189   -5.034   -4.750   -4.700   -4.675   -4.646   -4.526   -4.448   -4.396   -4.369
   -4.174   -3.904   -3.834   -3.765   -3.695   -3.502   -3.375   -3.303   -3.184   -3.081
   -2.942   -2.912   -2.892   -2.850   -2.787   -2.746   -2.653   -2.577   -2.470   -2.443
   -2.336   -2.287   -2.192   -1.901   -1.844   -1.812   -0.983   -0.895   -0.700   -0.560
   -0.469    0.755    0.769    0.895    0.934    0.956    1.111    1.183    1.218    1.245
    1.381    1.395    1.686    1.771    1.842    1.866    1.928    2.017    2.031    2.141
            0.095413 -0.165331  0.000000
  -15.719  -14.782  -14.609  -14.535  -14.411  -14.182  -14.116  -14.000  -13.893  -13.782
  -13.694  -13.603  -13.576  -13.311  -13.201  -13.187  -12.781  -12.770   -7.217   -7.112
   -7.001   -6.919   -6.900   -6.802   -6.769   -6.561   -6.527   -6.437   -6.185   -6.103
   -6.038   -5.786   -5.688   -5.607   -5.556   -5.422   -5.415   -5.368   -5.321   -5.280
   -5.209   -5.049   -4.752   -4.700   -4.682   -4.657   -4.508   -4.433   -4.385   -4.361
   -4.176   -3.890   -3.813   -3.771   -3.698   -3.507   -3.377   -3.300   -3.181   -3.056
   -2.950   -2.929   -2.870   -2.844   -2.797   -2.760   -2.647   -2.576   -2.469   -2.447
   -2.353   -2.299   -2.213   -1.896   -1.849   -1.818   -0.966   -0.891   -0.705   -0.546
   -0.466    0.749    0.753    0.903    0.939    0.962    1.106    1.179    1.213    1.234
    1.370    1.379    1.696    1.785    1.841    1.868    1.944    2.019    2.045    2.158
            0.087462 -0.151554  0.000000
  -15.726  -14.760  -14.597  -14.539  -14.417  -14.187  -14.130  -13.989  -13.890  -13.787
  -13.704  -13.604  -13.580  -13.315  -13.196  -13.185  -12.779  -12.770   -7.214   -7.104
   -6.991   -6.926   -6.910   -6.806   -6.768   -6.552   -6.524   -6.424   -6.167   -6.083
   -6.012   -5.785   -5.689   -5.617   -5.578   -5.442   -5.424   -5.379   -5.346   -5.284
   -5.228   -5.063   -4.754   -4.709   -4.688   -4.657   -4.491   -4.418   -4.374   -4.353
   -4.178   -3.876   -3.795   -3.775   -3.701   -3.511   -3.378   -3.298   -3.179   -3.033
   -2.958   -2.947   -2.855   -2.838   -2.798   -2.771   -2.639   -2.576   -2.468   -2.447
   -2.370   -2.311   -2.234   -1.892   -1.853   -1.823   -0.949   -0.887   -0.712   -0.532
   -0.463    0.737    0.743    0.913    0.945    0.969    1.100    1.175    1.208    1.222
    1.358    1.365    1.706    1.792    1.844    1.872    1.960    2.018    2.064    2.175
            0.079511 -0.137776  0.000000
  -15.732  -14.737  -14.587  -14.543  -14.423  -14.192  -14.145  -13.977  -13.886  -13.792
  -13.714  -13.604  -13.583  -13.319  -13.192  -13.183  -12.777  -12.770   -7.213   -7.093
   -6.982   -6.933   -6.919   -6.812   -6.765   -6.545   -6.523   -6.408   -6.147   -6.064
   -5.985   -5.784   -5.692   -5.628   -5.599   -5.468   -5.426   -5.391   -5.370   -5.289
   -5.245   -5.077   -4.756   -4.719   -4.694   -4.653   -4.474   -4.403   -4.364   -4.345
   -4.181   -3.864   -3.785   -3.773   -3.705   -3.512   -3.378   -3.296   -3.177   -3.014
   -2.967   -2.964   -2.860   -2.823   -2.798   -2.774   -2.632   -2.577   -2.469   -2.446
   -2.387   -2.322   -2.255   -1.888   -1.857   -1.828   -0.934   -0.883   -0.718   -0.519
   -0.459    0.722    0.736    0.923    0.952    0.976    1.095    1.172    1.203    1.211
    1.344    1.354    1.714    1.792    1.852    1.876    1.973    2.017    2.084    2.191
            0.071560 -0.123999  0.000000
  -15.737  -14.715  -14.577  -14.546  -14.430  -14.196  -14.158  -13.966  -13.884  -13.798
  -13.724  -13.604  -13.587  -13.323  -13.188  -13.181  -12.776  -12.769   -7.213   -7.079
   -6.974   -6.939   -6.927   -6.820   -6.761   -6.541   -6.523   -6.389   -6.126   -6.045
   -5.957   -5.784   -5.698   -5.642   -5.619   -5.493   -5.427   -5.407   -5.389   -5.293
   -5.260   -5.090   -4.757   -4.729   -4.700   -4.646   -4.458   -4.388   -4.354   -4.338
   -4.183   -3.853   -3.788   -3.761   -3.708   -3.509   -3.379   -3.295   -3.176   -3.006
   -2.981   -2.964   -2.870   -2.823   -2.788   -2.765   -2.625   -2.578   -2.472   -2.442
   -2.404   -2.333   -2.276   -1.884   -1.861   -1.833   -0.920   -0.879   -0.724   -0.505
   -0.456    0.707    0.730    0.934    0.960    0.983    1.090    1.170    1.196    1.201
    1.330    1.343    1.722    1.789    1.862    1.880    1.985    2.017    2.105    2.206
            0.063609 -0.110221  0.000000
  -15.742  -14.693  -14.568  -14.549  -14.437  -14.201  -14.171  -13.955  -13.881  -13.804
  -13.733  -13.604  -13.589  -13.327  -13.185  -13.180  -12.774  -12.769   -7.215   -7.065
   -6.967   -6.945   -6.934   -6.829   -6.757   -6.539   -6.524   -6.369   -6.104   -6.026
   -5.930   -5.784   -5.707   -5.657   -5.635   -5.517   -5.431   -5.428   -5.401   -5.297
   -5.273   -5.102   -4.758   -4.738   -4.705   -4.640   -4.443   -4.374   -4.345   -4.331
   -4.186   -3.844   -3.792   -3.749   -3.712   -3.503   -3.379   -3.295   -3.174   -3.014
   -2.995   -2.950   -2.879   -2.835   -2.770   -2.753   -2.618   -2.578   -2.475   -2.438
   -2.419   -2.344   -2.296   -1.881   -1.864   -1.838   -0.907   -0.875   -0.730   -0.493
   -0.453    0.693    0.723    0.945    0.968    0.989    1.086    1.167    1.187    1.194
    1.318    1.333    1.729    1.783    1.872    1.884    1.996    2.018    2.126    2.221
            0.055658 -0.096443  0.000000
  -15.747  -14.671  -14.560  -14.552  -14.444  -14.205  -14.183  -13.944  -13.879  -13.810
  -13.741  -13.603  -13.592  -13.330  -13.182  -13.178  -12.773  -12.769   -7.216   -7.049
   -6.962   -6.950   -6.939   -6.839   -6.751   -6.538   -6.526   -6.348   -6.080   -6.007
   -5.902   -5.785   -5.721   -5.672   -5.649   -5.539   -5.457   -5.429   -5.409   -5.301
   -5.284   -5.113   -4.760   -4.745   -4.709   -4.633   -4.429   -4.362   -4.337   -4.326
   -4.188   -3.835   -3.796   -3.741   -3.715   -3.494   -3.379   -3.297   -3.172   -3.027
   -3.009   -2.931   -2.886   -2.848   -2.751   -2.740   -2.614   -2.576   -2.480   -2.439
   -2.427   -2.354   -2.316   -1.879   -1.866   -1.843   -0.895   -0.872   -0.736   -0.481
   -0.450    0.680    0.718    0.957    0.977    0.996    1.082    1.163    1.179    1.187
    1.307    1.322    1.736    1.778    1.880    1.887    2.005    2.020    2.147    2.234
            0.047707 -0.082666  0.000000
  -15.751  -14.650  -14.555  -14.552  -14.453  -14.208  -14.193  -13.932  -13.878  -13.817
  -13.749  -13.603  -13.594  -13.334  -13.180  -13.176  -12.772  -12.768   -7.218   -7.033
   -6.960   -6.954   -6.942   -6.849   -6.746   -6.538   -6.529   -6.327   -6.055   -5.989
   -5.875   -5.787   -5.739   -5.689   -5.658   -5.559   -5.484   -5.430   -5.415   -5.306
   -5.294   -5.121   -4.761   -4.750   -4.713   -4.627   -4.417   -4.350   -4.330   -4.321
   -4.190   -3.828   -3.799   -3.735   -3.718   -3.481   -3.379   -3.301   -3.170   -3.040
   -3.023   -2.914   -2.893   -2.860   -2.735   -2.727   -2.611   -2.572   -2.486   -2.451
   -2.424   -2.363   -2.335   -1.879   -1.866   -1.847   -0.885   -0.868   -0.741   -0.471
   -0.448    0.669    0.713    0.969    0.985    1.002    1.080    1.156    1.173    1.180
    1.298    1.313    1.741    1.773    1.886    1.891    2.014    2.023    2.167    2.246
            0.039756 -0.068888  0.000000
  -15.754  -14.629  -14.556  -14.547  -14.463  -14.212  -14.202  -13.921  -13.876  -13.825
  -13.756  -13.603  -13.596  -13.337  -13.177  -13.175  -12.771  -12.768   -7.220   -7.016
   -6.960   -6.958   -6.942   -6.861   -6.740   -6.539   -6.532   -6.306   -6.030   -5.972
   -5.849   -5.791   -5.756   -5.704   -5.665   -5.577   -5.512   -5.430   -5.421   -5.310
   -5.301   -5.129   -4.761   -4.754   -4.717   -4.622   -4.405   -4.341   -4.325   -4.317
   -4.191   -3.822   -3.802   -3.731   -3.720   -3.465   -3.380   -3.307   -3.167   -3.052
   -3.036   -2.903   -2.896   -2.867   -2.720   -2.716   -2.610   -2.565   -2.493   -2.462
   -2.420   -2.371   -2.353   -1.880   -1.865   -1.851   -0.877   -0.865   -0.746   -0.462
   -0.446    0.658    0.708    0.980    0.994    1.007    1.079    1.147    1.165    1.178
    1.290    1.303    1.745    1.768    1.891    1.894    2.021    2.027    2.186    2.256
            0.031804 -0.055110  0.000000
  -15.757  -14.608  -14.558  -14.542  -14.474  -14.215  -14.209  -13.910  -13.875  -13.833
  -13.761  -13.602  -13.598  -13.339  -13.176  -13.174  -12.770  -12.768   -7.222   -6.999
   -6.963   -6.961   -6.940   -6.874   -6.735   -6.540   -6.535   -6.288   -6.005   -5.955
   -5.829   -5.799   -5.769   -5.718   -5.672   -5.592   -5.540   -5.431   -5.425   -5.313
   -5.307   -5.135   -4.762   -4.757   -4.720   -4.618   -4.395   -4.333   -4.321   -4.314
   -4.192   -3.817   -3.805   -3.729   -3.723   -3.448   -3.380   -3.315   -3.163   -3.062
   -3.049   -2.903   -2.896   -2.864   -2.708   -2.705   -2.611   -2.556   -2.501   -2.472
   -2.416   -2.379   -2.369   -1.882   -1.864   -1.854   -0.869   -0.862   -0.751   -0.454
   -0.444    0.650    0.704    0.990    1.002    1.012    1.079    1.137    1.154    1.179
    1.285    1.295    1.749    1.764    1.894    1.897    2.027    2.030    2.203    2.265
            0.023853 -0.041333  0.000000
  -15.759  -14.588  -14.559  -14.539  -14.486  -14.217  -14.214  -13.900  -13.874  -13.841
  -13.766  -13.602  -13.599  -13.341  -13.174  -13.173  -12.770  -12.767   -7.223   -6.983
   -6.965   -6.963   -6.938   -6.887   -6.731   -6.541   -6.538   -6.272   -5.980   -5.939
   -5.822   -5.812   -5.767   -5.727   -5.677   -5.604   -5.566   -5.431   -5.428   -5.316
   -5.312   -5.139   -4.762   -4.759   -4.723   -4.614   -4.386   -4.326   -4.319   -4.310
   -4.193   -3.814   -3.806   -3.727   -3.724   -3.430   -3.380   -3.326   -3.159   -3.070
   -3.061   -2.906   -2.900   -2.856   -2.699   -2.696   -2.612   -2.545   -2.509   -2.480
   -2.413   -2.389   -2.379   -1.883   -1.862   -1.856   -0.864   -0.860   -0.754   -0.448
   -0.442    0.643    0.701    0.998    1.010    1.016    1.081    1.129    1.142    1.180
    1.281    1.287    1.752    1.761    1.897    1.898    2.031    2.033    2.220    2.272
            0.015902 -0.027555  0.000000
  -15.760  -14.568  -14.560  -14.536  -14.500  -14.219  -14.218  -13.890  -13.874  -13.849
  -13.769  -13.601  -13.600  -13.343  -13.173  -13.172  -12.769  -12.767   -7.224   -6.969
   -6.966   -6.962   -6.937   -6.902   -6.727   -6.542   -6.540   -6.259   -5.957   -5.926
   -5.830   -5.826   -5.753   -5.732   -5.682   -5.612   -5.591   -5.432   -5.430   -5.318
   -5.315   -5.142   -4.763   -4.760   -4.725   -4.611   -4.379   -4.322   -4.318   -4.307
   -4.193   -3.812   -3.808   -3.727   -3.725   -3.411   -3.381   -3.339   -3.155   -3.075
   -3.070   -2.908   -2.905   -2.847   -2.692   -2.689   -2.613   -2.535   -2.516   -2.486
   -2.411   -2.399   -2.383   -1.884   -1.861   -1.858   -0.860   -0.858   -0.757   -0.444
   -0.441    0.638    0.699    1.004    1.016    1.019    1.086    1.122    1.130    1.182
    1.278    1.282    1.754    1.759    1.898    1.900    2.034    2.036    2.236    2.277
            0.007951 -0.013778  0.000000
  -15.761  -14.560  -14.550  -14.535  -14.515  -14.220  -14.220  -13.880  -13.874  -13.858
  -13.771  -13.601  -13.600  -13.344  -13.173  -13.172  -12.769  -12.767   -7.224   -6.968
   -6.967   -6.948   -6.936   -6.916   -6.725   -6.543   -6.541   -6.251   -5.938   -5.915
   -5.841   -5.839   -5.740   -5.734   -5.684   -5.616   -5.610   -5.432   -5.431   -5.319
   -5.317   -5.144   -4.763   -4.761   -4.726   -4.610   -4.374   -4.320   -4.318   -4.306
   -4.193   -3.811   -3.808   -3.727   -3.725   -3.393   -3.381   -3.354   -3.151   -3.078
   -3.077   -2.909   -2.908   -2.841   -2.688   -2.685   -2.613   -2.527   -2.521   -2.492
   -2.411   -2.407   -2.385   -1.885   -1.861   -1.859   -0.858   -0.856   -0.759   -0.441
   -0.440    0.635    0.698    1.008    1.020    1.022    1.092    1.116    1.120    1.183
    1.276    1.279    1.754    1.758    1.899    1.901    2.036    2.037    2.249    2.280
            0.000000  0.000000  0.000000
  -15.761  -14.560  -14.536  -14.534  -14.529  -14.221  -14.221  -13.874  -13.873  -13.864
  -13.772  -13.601  -13.601  -13.344  -13.173  -13.171  -12.769  -12.767   -7.225   -6.968
   -6.967   -6.936   -6.935   -6.929   -6.724   -6.543   -6.541   -6.249   -5.931   -5.911
   -5.846   -5.844   -5.734   -5.734   -5.684   -5.618   -5.618   -5.433   -5.431   -5.319
   -5.317   -5.145   -4.763   -4.761   -4.726   -4.609   -4.373   -4.319   -4.318   -4.305
   -4.193   -3.810   -3.808   -3.727   -3.725   -3.382   -3.381   -3.364   -3.150   -3.079
   -3.079   -2.910   -2.909   -2.839   -2.686   -2.684   -2.614   -2.523   -2.522   -2.494
   -2.411   -2.409   -2.386   -1.885   -1.861   -1.859   -0.857   -0.856   -0.759   -0.440
   -0.440    0.634    0.697    1.009    1.021    1.023    1.096    1.113    1.116    1.184
    1.275    1.278    1.754    1.758    1.900    1.901    2.037    2.038    2.256    2.281
