 &plot nbnd=  50, nks=   100 /
            0.000000  0.000000  0.000000
  -15.582  -14.349  -14.171  -14.170  -14.170  -14.168  -14.168  -14.168  -13.527  -13.527
  -13.527  -13.526  -13.526  -13.525  -13.223  -13.223  -12.951  -12.951   -7.023   -6.826
   -6.826   -6.658   -6.658   -6.657   -6.657   -6.656   -6.656   -5.971   -5.971   -5.644
   -5.644   -5.598   -5.598   -5.597   -5.597   -5.596   -5.596   -5.200   -5.200   -5.199
   -5.199   -5.199   -5.198   -4.791   -4.791   -4.313   -4.313   -4.003   -4.003   -4.002
            0.013915 -0.008034  0.000000
  -15.582  -14.349  -14.199  -14.184  -14.184  -14.154  -14.154  -14.139  -13.543  -13.534
  -13.534  -13.518  -13.518  -13.510  -13.223  -13.223  -12.951  -12.951   -7.023   -6.825
   -6.825   -6.682   -6.669   -6.669   -6.645   -6.645   -6.633   -5.976   -5.976   -5.639
   -5.639   -5.632   -5.615   -5.615   -5.580   -5.580   -5.561   -5.204   -5.201   -5.201
   -5.197   -5.197   -5.194   -4.791   -4.791   -4.313   -4.313   -4.021   -4.012   -4.012
            0.027831 -0.016068  0.000000
  -15.581  -14.349  -14.228  -14.198  -14.198  -14.139  -14.139  -14.110  -13.559  -13.542
  -13.542  -13.510  -13.509  -13.493  -13.224  -13.224  -12.952  -12.952   -7.022   -6.824
   -6.824   -6.706   -6.681   -6.681   -6.633   -6.633   -6.610   -5.990   -5.990   -5.667
   -5.633   -5.633   -5.624   -5.624   -5.562   -5.562   -5.525   -5.208   -5.203   -5.203
   -5.194   -5.194   -5.190   -4.789   -4.789   -4.315   -4.315   -4.038   -4.024   -4.023
            0.041746 -0.024102  0.000000
  -15.579  -14.348  -14.258  -14.212  -14.212  -14.124  -14.124  -14.082  -13.576  -13.550
  -13.550  -13.501  -13.501  -13.477  -13.225  -13.225  -12.953  -12.953   -7.020   -6.821
   -6.821   -6.731   -6.693   -6.693   -6.621   -6.621   -6.588   -6.011   -6.011   -5.701
   -5.650   -5.650   -5.601   -5.601   -5.544   -5.544   -5.489   -5.213   -5.204   -5.204
   -5.191   -5.191   -5.186   -4.787   -4.787   -4.317   -4.317   -4.055   -4.037   -4.037
            0.055662 -0.032136  0.000000
  -15.577  -14.346  -14.288  -14.226  -14.226  -14.108  -14.108  -14.053  -13.593  -13.558
  -13.558  -13.492  -13.492  -13.461  -13.227  -13.227  -12.954  -12.954   -7.017   -6.818
   -6.818   -6.756   -6.704   -6.704   -6.608   -6.608   -6.566   -6.037   -6.037   -5.735
   -5.668   -5.668   -5.574   -5.574   -5.526   -5.526   -5.452   -5.219   -5.205   -5.205
   -5.188   -5.188   -5.182   -4.783   -4.783   -4.320   -4.320   -4.071   -4.052   -4.052
            0.069577 -0.040171  0.000000
  -15.574  -14.345  -14.318  -14.239  -14.239  -14.092  -14.092  -14.025  -13.610  -13.565
  -13.565  -13.483  -13.483  -13.446  -13.230  -13.230  -12.956  -12.956   -7.014   -6.814
   -6.814   -6.782   -6.715   -6.715   -6.596   -6.596   -6.545   -6.066   -6.066   -5.767
   -5.685   -5.685   -5.543   -5.543   -5.507   -5.507   -5.414   -5.224   -5.206   -5.206
   -5.184   -5.184   -5.177   -4.779   -4.779   -4.324   -4.324   -4.087   -4.069   -4.069
            0.083493 -0.048205  0.000000
  -15.570  -14.348  -14.342  -14.252  -14.252  -14.076  -14.076  -13.997  -13.627  -13.572
  -13.572  -13.474  -13.474  -13.431  -13.233  -13.233  -12.958  -12.958   -7.010   -6.809
   -6.809   -6.807   -6.726   -6.726   -6.584   -6.584   -6.525   -6.097   -6.096   -5.800
   -5.703   -5.703   -5.509   -5.509   -5.489   -5.489   -5.377   -5.230   -5.206   -5.206
   -5.180   -5.180   -5.173   -4.773   -4.773   -4.329   -4.329   -4.102   -4.087   -4.087
            0.097408 -0.056239  0.000000
  -15.566  -14.378  -14.340  -14.265  -14.265  -14.060  -14.060  -13.970  -13.644  -13.580
  -13.580  -13.465  -13.465  -13.415  -13.237  -13.237  -12.961  -12.961   -7.005   -6.832
   -6.803   -6.803   -6.737   -6.737   -6.572   -6.572   -6.507   -6.128   -6.128   -5.831
   -5.720   -5.720   -5.475   -5.475   -5.470   -5.470   -5.339   -5.237   -5.206   -5.206
   -5.175   -5.175   -5.168   -4.766   -4.766   -4.334   -4.334   -4.117   -4.105   -4.105
            0.111324 -0.064273  0.000000
  -15.561  -14.409  -14.337  -14.277  -14.277  -14.043  -14.043  -13.943  -13.661  -13.586
  -13.586  -13.455  -13.455  -13.401  -13.241  -13.241  -12.964  -12.964   -7.000   -6.858
   -6.796   -6.796   -6.747   -6.747   -6.560   -6.560   -6.489   -6.161   -6.161   -5.862
   -5.738   -5.738   -5.452   -5.452   -5.441   -5.441   -5.300   -5.243   -5.206   -5.206
   -5.171   -5.171   -5.162   -4.757   -4.757   -4.341   -4.340   -4.132   -4.125   -4.125
            0.125239 -0.072307  0.000000
  -15.555  -14.439  -14.333  -14.289  -14.289  -14.026  -14.026  -13.916  -13.679  -13.593
  -13.593  -13.446  -13.446  -13.386  -13.246  -13.246  -12.967  -12.967   -6.994   -6.883
   -6.788   -6.788   -6.757   -6.757   -6.548   -6.548   -6.473   -6.193   -6.193   -5.892
   -5.756   -5.756   -5.433   -5.433   -5.406   -5.406   -5.262   -5.250   -5.205   -5.205
   -5.166   -5.165   -5.156   -4.746   -4.746   -4.347   -4.347   -4.147   -4.145   -4.144
            0.139155 -0.080341  0.000000
  -15.549  -14.469  -14.330  -14.300  -14.300  -14.009  -14.009  -13.890  -13.696  -13.599
  -13.599  -13.436  -13.436  -13.372  -13.251  -13.251  -12.970  -12.970   -6.987   -6.907
   -6.780   -6.780   -6.766   -6.766   -6.536   -6.536   -6.459   -6.226   -6.226   -5.921
   -5.774   -5.774   -5.414   -5.414   -5.373   -5.373   -5.257   -5.223   -5.204   -5.204
   -5.160   -5.160   -5.149   -4.733   -4.733   -4.355   -4.355   -4.166   -4.166   -4.159
            0.153070 -0.088375  0.000000
  -15.542  -14.499  -14.326  -14.312  -14.312  -13.992  -13.992  -13.865  -13.713  -13.605
  -13.605  -13.426  -13.426  -13.358  -13.257  -13.257  -12.974  -12.974   -6.979   -6.932
   -6.775   -6.775   -6.770   -6.770   -6.524   -6.524   -6.446   -6.258   -6.258   -5.950
   -5.792   -5.792   -5.395   -5.395   -5.340   -5.340   -5.264   -5.203   -5.203   -5.184
   -5.155   -5.155   -5.141   -4.718   -4.718   -4.363   -4.362   -4.187   -4.187   -4.172
            0.166986 -0.096409  0.000000
  -15.534  -14.529  -14.322  -14.322  -14.321  -13.975  -13.975  -13.840  -13.730  -13.611
  -13.611  -13.416  -13.416  -13.345  -13.263  -13.263  -12.979  -12.979   -6.971   -6.956
   -6.784   -6.784   -6.760   -6.760   -6.513   -6.513   -6.435   -6.290   -6.290   -5.978
   -5.810   -5.810   -5.375   -5.375   -5.310   -5.310   -5.272   -5.202   -5.202   -5.149
   -5.149   -5.145   -5.132   -4.700   -4.700   -4.371   -4.371   -4.208   -4.208   -4.185
            0.180901 -0.104443  0.000000
  -15.526  -14.559  -14.333  -14.333  -14.316  -13.958  -13.958  -13.816  -13.747  -13.617
  -13.617  -13.406  -13.406  -13.332  -13.270  -13.270  -12.983  -12.983   -6.979   -6.962
   -6.792   -6.792   -6.748   -6.748   -6.502   -6.502   -6.425   -6.321   -6.321   -6.004
   -5.828   -5.828   -5.356   -5.356   -5.283   -5.281   -5.278   -5.200   -5.200   -5.143
   -5.143   -5.122   -5.106   -4.679   -4.679   -4.379   -4.379   -4.230   -4.230   -4.197
            0.194817 -0.112478  0.000000
  -15.517  -14.588  -14.343  -14.343  -14.311  -13.940  -13.940  -13.793  -13.765  -13.623
  -13.623  -13.396  -13.396  -13.319  -13.278  -13.278  -12.988  -12.988   -7.002   -6.953
   -6.800   -6.800   -6.736   -6.736   -6.491   -6.491   -6.418   -6.351   -6.351   -6.030
   -5.847   -5.847   -5.336   -5.336   -5.288   -5.255   -5.255   -5.198   -5.198   -5.137
   -5.136   -5.111   -5.066   -4.656   -4.656   -4.388   -4.388   -4.251   -4.251   -4.209
            0.208732 -0.120512  0.000000
  -15.508  -14.618  -14.352  -14.352  -14.305  -13.922  -13.922  -13.782  -13.770  -13.628
  -13.628  -13.386  -13.386  -13.307  -13.286  -13.286  -12.994  -12.994   -7.025   -6.942
   -6.807   -6.807   -6.724   -6.724   -6.480   -6.480   -6.412   -6.381   -6.381   -6.055
   -5.866   -5.866   -5.316   -5.316   -5.295   -5.231   -5.231   -5.196   -5.196   -5.130
   -5.130   -5.098   -5.027   -4.629   -4.629   -4.397   -4.397   -4.271   -4.271   -4.220
            0.222648 -0.128546  0.000000
  -15.498  -14.647  -14.362  -14.362  -14.299  -13.905  -13.905  -13.799  -13.748  -13.633
  -13.633  -13.376  -13.376  -13.295  -13.294  -13.294  -12.999  -12.999   -7.047   -6.932
   -6.813   -6.813   -6.710   -6.710   -6.470   -6.470   -6.410   -6.410   -6.407   -6.079
   -5.885   -5.885   -5.303   -5.296   -5.296   -5.210   -5.210   -5.193   -5.193   -5.124
   -5.124   -5.084   -4.987   -4.600   -4.600   -4.406   -4.406   -4.292   -4.292   -4.230
            0.236563 -0.136580  0.000000
  -15.487  -14.677  -14.370  -14.370  -14.293  -13.887  -13.887  -13.815  -13.727  -13.638
  -13.638  -13.365  -13.365  -13.303  -13.303  -13.283  -13.005  -13.005   -7.068   -6.920
   -6.819   -6.819   -6.696   -6.696   -6.460   -6.460   -6.438   -6.438   -6.405   -6.102
   -5.904   -5.904   -5.311   -5.276   -5.276   -5.192   -5.192   -5.189   -5.189   -5.117
   -5.117   -5.069   -4.947   -4.567   -4.567   -4.415   -4.415   -4.311   -4.311   -4.241
            0.250479 -0.144614  0.000000
  -15.475  -14.705  -14.379  -14.379  -14.286  -13.869  -13.869  -13.832  -13.706  -13.642
  -13.642  -13.355  -13.355  -13.312  -13.312  -13.272  -13.011  -13.011   -7.089   -6.908
   -6.825   -6.825   -6.681   -6.681   -6.466   -6.466   -6.450   -6.450   -6.405   -6.124
   -5.924   -5.924   -5.319   -5.256   -5.256   -5.188   -5.188   -5.175   -5.174   -5.110
   -5.110   -5.052   -4.908   -4.531   -4.531   -4.424   -4.424   -4.331   -4.331   -4.250
            0.264394 -0.152648  0.000000
  -15.463  -14.734  -14.387  -14.387  -14.279  -13.851  -13.851  -13.849  -13.687  -13.647
  -13.647  -13.345  -13.344  -13.322  -13.322  -13.262  -13.018  -13.018   -7.108   -6.895
   -6.829   -6.829   -6.665   -6.665   -6.492   -6.492   -6.441   -6.441   -6.406   -6.145
   -5.944   -5.943   -5.326   -5.236   -5.236   -5.185   -5.185   -5.161   -5.161   -5.104
   -5.104   -5.034   -4.868   -4.493   -4.493   -4.433   -4.433   -4.349   -4.349   -4.259
            0.278310 -0.160682  0.000000
  -15.451  -14.763  -14.394  -14.394  -14.271  -13.865  -13.833  -13.833  -13.668  -13.651
  -13.651  -13.334  -13.334  -13.333  -13.333  -13.252  -13.025  -13.025   -7.127   -6.882
   -6.833   -6.833   -6.648   -6.648   -6.517   -6.517   -6.432   -6.432   -6.409   -6.165
   -5.964   -5.964   -5.334   -5.216   -5.216   -5.182   -5.182   -5.149   -5.149   -5.097
   -5.097   -5.014   -4.828   -4.452   -4.452   -4.442   -4.442   -4.367   -4.367   -4.268
            0.292225 -0.168716  0.000000
  -15.438  -14.791  -14.401  -14.401  -14.263  -13.882  -13.815  -13.815  -13.655  -13.655
  -13.650  -13.344  -13.343  -13.323  -13.323  -13.243  -13.032  -13.032   -7.145   -6.868
   -6.837   -6.837   -6.631   -6.631   -6.542   -6.542   -6.424   -6.424   -6.414   -6.184
   -5.984   -5.984   -5.341   -5.196   -5.196   -5.178   -5.178   -5.140   -5.140   -5.090
   -5.090   -4.993   -4.788   -4.450   -4.450   -4.409   -4.409   -4.384   -4.384   -4.276
            0.306141 -0.176751  0.000000
  -15.424  -14.819  -14.408  -14.408  -14.255  -13.898  -13.797  -13.797  -13.659  -13.658
  -13.634  -13.355  -13.355  -13.313  -13.313  -13.234  -13.039  -13.039   -7.162   -6.854
   -6.840   -6.840   -6.614   -6.614   -6.565   -6.565   -6.421   -6.416   -6.416   -6.202
   -6.005   -6.005   -5.348   -5.177   -5.177   -5.175   -5.175   -5.132   -5.132   -5.084
   -5.084   -4.970   -4.748   -4.459   -4.458   -4.400   -4.400   -4.364   -4.364   -4.284
            0.320056 -0.184785  0.000000
  -15.409  -14.846  -14.414  -14.414  -14.246  -13.914  -13.779  -13.779  -13.662  -13.662
  -13.618  -13.367  -13.366  -13.302  -13.302  -13.225  -13.047  -13.047   -7.178   -6.842
   -6.842   -6.839   -6.595   -6.595   -6.588   -6.588   -6.429   -6.409   -6.409   -6.218
   -6.026   -6.026   -5.354   -5.171   -5.171   -5.157   -5.157   -5.126   -5.126   -5.077
   -5.077   -4.947   -4.709   -4.467   -4.466   -4.415   -4.415   -4.318   -4.318   -4.291
            0.333972 -0.192819  0.000000
  -15.394  -14.873  -14.420  -14.420  -14.237  -13.930  -13.761  -13.761  -13.665  -13.665
  -13.603  -13.379  -13.379  -13.291  -13.291  -13.218  -13.055  -13.055   -7.193   -6.843
   -6.843   -6.824   -6.610   -6.610   -6.576   -6.576   -6.438   -6.402   -6.402   -6.234
   -6.047   -6.047   -5.361   -5.167   -5.167   -5.138   -5.138   -5.121   -5.121   -5.071
   -5.071   -4.922   -4.669   -4.474   -4.474   -4.429   -4.429   -4.297   -4.280   -4.280
            0.347887 -0.200853  0.000000
  -15.378  -14.900  -14.425  -14.425  -14.228  -13.946  -13.743  -13.743  -13.668  -13.668
  -13.589  -13.391  -13.391  -13.281  -13.281  -13.210  -13.063  -13.063   -7.207   -6.843
   -6.843   -6.808   -6.631   -6.630   -6.557   -6.557   -6.448   -6.395   -6.395   -6.248
   -6.069   -6.069   -5.366   -5.164   -5.164   -5.119   -5.119   -5.117   -5.117   -5.065
   -5.065   -4.896   -4.629   -4.481   -4.481   -4.442   -4.442   -4.303   -4.300   -4.300
            0.361803 -0.208887  0.000000
  -15.362  -14.927  -14.430  -14.430  -14.218  -13.961  -13.725  -13.725  -13.671  -13.671
  -13.577  -13.404  -13.404  -13.270  -13.270  -13.204  -13.071  -13.071   -7.220   -6.843
   -6.843   -6.792   -6.650   -6.650   -6.537   -6.537   -6.460   -6.389   -6.389   -6.261
   -6.091   -6.091   -5.372   -5.160   -5.160   -5.115   -5.115   -5.101   -5.101   -5.060
   -5.060   -4.868   -4.590   -4.488   -4.488   -4.454   -4.454   -4.320   -4.320   -4.309
            0.375718 -0.216921  0.000000
  -15.345  -14.953  -14.435  -14.435  -14.208  -13.976  -13.707  -13.707  -13.673  -13.673
  -13.565  -13.418  -13.418  -13.259  -13.259  -13.198  -13.080  -13.080   -7.232   -6.842
   -6.842   -6.776   -6.669   -6.669   -6.517   -6.517   -6.473   -6.384   -6.384   -6.273
   -6.113   -6.113   -5.377   -5.156   -5.156   -5.113   -5.113   -5.083   -5.083   -5.055
   -5.055   -4.840   -4.550   -4.494   -4.494   -4.465   -4.465   -4.340   -4.340   -4.314
            0.389634 -0.224955  0.000000
  -15.328  -14.979  -14.439  -14.439  -14.198  -13.992  -13.689  -13.689  -13.675  -13.675
  -13.555  -13.431  -13.431  -13.249  -13.249  -13.192  -13.089  -13.089   -7.243   -6.840
   -6.840   -6.759   -6.687   -6.687   -6.496   -6.496   -6.486   -6.379   -6.379   -6.284
   -6.135   -6.135   -5.382   -5.152   -5.152   -5.112   -5.112   -5.067   -5.067   -5.050
   -5.050   -4.811   -4.511   -4.500   -4.499   -4.475   -4.475   -4.358   -4.358   -4.318
            0.403549 -0.232989  0.000000
  -15.310  -15.004  -14.442  -14.442  -14.187  -14.006  -13.677  -13.677  -13.672  -13.672
  -13.546  -13.445  -13.445  -13.238  -13.238  -13.187  -13.098  -13.098   -7.252   -6.837
   -6.837   -6.742   -6.703   -6.703   -6.501   -6.475   -6.475   -6.375   -6.375   -6.293
   -6.158   -6.158   -5.386   -5.148   -5.148   -5.112   -5.112   -5.051   -5.051   -5.046
   -5.046   -4.781   -4.505   -4.504   -4.484   -4.484   -4.471   -4.375   -4.375   -4.322
            0.417465 -0.241023  0.000000
  -15.292  -15.029  -14.445  -14.445  -14.176  -14.021  -13.679  -13.679  -13.654  -13.654
  -13.538  -13.460  -13.460  -13.228  -13.228  -13.183  -13.107  -13.107   -7.260   -6.834
   -6.834   -6.725   -6.719   -6.719   -6.516   -6.453   -6.453   -6.371   -6.371   -6.302
   -6.180   -6.180   -5.389   -5.144   -5.144   -5.112   -5.112   -5.042   -5.042   -5.037
   -5.037   -4.751   -4.509   -4.509   -4.491   -4.491   -4.432   -4.391   -4.391   -4.355
            0.431380 -0.249058  0.000000
  -15.272  -15.053  -14.448  -14.448  -14.165  -14.036  -13.680  -13.680  -13.637  -13.637
  -13.531  -13.474  -13.474  -13.217  -13.217  -13.180  -13.116  -13.116   -7.267   -6.829
   -6.829   -6.734   -6.734   -6.707   -6.532   -6.431   -6.431   -6.368   -6.368   -6.309
   -6.203   -6.203   -5.392   -5.141   -5.141   -5.113   -5.113   -5.038   -5.038   -5.024
   -5.024   -4.719   -4.512   -4.512   -4.498   -4.498   -4.405   -4.405   -4.393   -4.388
            0.445296 -0.257092  0.000000
  -15.253  -15.077  -14.450  -14.450  -14.153  -14.050  -13.681  -13.681  -13.620  -13.620
  -13.526  -13.490  -13.490  -13.207  -13.207  -13.177  -13.126  -13.126   -7.273   -6.824
   -6.824   -6.748   -6.748   -6.689   -6.548   -6.409   -6.409   -6.365   -6.365   -6.314
   -6.226   -6.226   -5.395   -5.137   -5.137   -5.114   -5.114   -5.036   -5.036   -5.013
   -5.013   -4.687   -4.515   -4.515   -4.504   -4.504   -4.422   -4.417   -4.417   -4.354
            0.459211 -0.265126  0.000000
  -15.233  -15.101  -14.451  -14.451  -14.142  -14.064  -13.682  -13.682  -13.603  -13.603
  -13.521  -13.505  -13.505  -13.196  -13.196  -13.174  -13.135  -13.135   -7.278   -6.818
   -6.818   -6.761   -6.761   -6.672   -6.565   -6.386   -6.386   -6.363   -6.363   -6.319
   -6.249   -6.249   -5.397   -5.134   -5.134   -5.116   -5.116   -5.033   -5.033   -5.004
   -5.004   -4.655   -4.517   -4.517   -4.508   -4.508   -4.455   -4.427   -4.427   -4.333
            0.473127 -0.273160  0.000000
  -15.212  -15.124  -14.453  -14.453  -14.129  -14.077  -13.683  -13.683  -13.586  -13.586
  -13.521  -13.520  -13.518  -13.186  -13.186  -13.173  -13.145  -13.145   -7.281   -6.810
   -6.810   -6.772   -6.772   -6.654   -6.583   -6.364   -6.364   -6.362   -6.362   -6.322
   -6.272   -6.272   -5.398   -5.130   -5.130   -5.118   -5.118   -5.032   -5.032   -4.998
   -4.998   -4.622   -4.519   -4.519   -4.511   -4.511   -4.489   -4.434   -4.434   -4.334
            0.487042 -0.281194  0.000000
  -15.191  -15.147  -14.453  -14.453  -14.117  -14.091  -13.683  -13.683  -13.569  -13.569
  -13.536  -13.536  -13.516  -13.176  -13.176  -13.171  -13.155  -13.155   -7.283   -6.802
   -6.802   -6.783   -6.783   -6.636   -6.600   -6.361   -6.361   -6.341   -6.341   -6.324
   -6.295   -6.295   -5.399   -5.127   -5.127   -5.121   -5.121   -5.031   -5.031   -4.994
   -4.994   -4.589   -4.522   -4.519   -4.519   -4.513   -4.513   -4.438   -4.438   -4.335
            0.500958 -0.289228  0.000000
  -15.169  -15.169  -14.454  -14.453  -14.104  -14.104  -13.683  -13.683  -13.555  -13.555
  -13.550  -13.550  -13.516  -13.172  -13.167  -13.167  -13.163  -13.162   -7.284   -6.795
   -6.795   -6.792   -6.792   -6.618   -6.618   -6.361   -6.361   -6.325   -6.319   -6.319
   -6.318   -6.317   -5.400   -5.125   -5.125   -5.123   -5.123   -5.030   -5.030   -4.992
   -4.992   -4.556   -4.556   -4.520   -4.520   -4.514   -4.514   -4.440   -4.440   -4.335
            0.493008 -0.302998  0.000000
  -15.169  -15.169  -14.484  -14.423  -14.104  -14.104  -13.701  -13.666  -13.564  -13.564
  -13.542  -13.542  -13.515  -13.173  -13.171  -13.170  -13.159  -13.159   -7.283   -6.810
   -6.810   -6.777   -6.777   -6.618   -6.618   -6.367   -6.355   -6.332   -6.331   -6.325
   -6.304   -6.304   -5.399   -5.142   -5.142   -5.106   -5.105   -5.034   -5.032   -5.028
   -4.951   -4.556   -4.556   -4.525   -4.525   -4.509   -4.509   -4.463   -4.414   -4.336
            0.485057 -0.316768  0.000000
  -15.168  -15.168  -14.514  -14.393  -14.103  -14.103  -13.719  -13.648  -13.575  -13.575
  -13.532  -13.532  -13.515  -13.178  -13.177  -13.171  -13.155  -13.154   -7.282   -6.827
   -6.827   -6.761   -6.761   -6.617   -6.617   -6.375   -6.351   -6.344   -6.344   -6.325
   -6.289   -6.289   -5.399   -5.159   -5.158   -5.087   -5.087   -5.077   -5.032   -5.023
   -4.911   -4.558   -4.557   -4.532   -4.532   -4.502   -4.502   -4.485   -4.386   -4.336
            0.477107 -0.330538  0.000000
  -15.166  -15.166  -14.544  -14.362  -14.102  -14.102  -13.736  -13.630  -13.587  -13.587
  -13.522  -13.522  -13.514  -13.183  -13.183  -13.170  -13.150  -13.150   -7.280   -6.844
   -6.844   -6.745   -6.745   -6.615   -6.615   -6.383   -6.356   -6.356   -6.348   -6.326
   -6.274   -6.274   -5.398   -5.175   -5.175   -5.120   -5.067   -5.067   -5.030   -5.018
   -4.873   -4.559   -4.559   -4.540   -4.540   -4.505   -4.496   -4.496   -4.357   -4.338
            0.469157 -0.344308  0.000000
  -15.164  -15.164  -14.574  -14.332  -14.101  -14.101  -13.754  -13.612  -13.599  -13.598
  -13.514  -13.513  -13.513  -13.190  -13.189  -13.170  -13.145  -13.145   -7.277   -6.861
   -6.861   -6.730   -6.730   -6.614   -6.613   -6.392   -6.367   -6.367   -6.347   -6.328
   -6.258   -6.258   -5.397   -5.190   -5.190   -5.165   -5.048   -5.048   -5.027   -5.011
   -4.835   -4.562   -4.562   -4.547   -4.547   -4.524   -4.489   -4.489   -4.340   -4.325
            0.461207 -0.358078  0.000000
  -15.162  -15.162  -14.603  -14.301  -14.099  -14.099  -13.771  -13.611  -13.611  -13.594
  -13.512  -13.505  -13.505  -13.196  -13.196  -13.169  -13.141  -13.141   -7.273   -6.878
   -6.878   -6.715   -6.715   -6.611   -6.611   -6.402   -6.377   -6.377   -6.347   -6.330
   -6.241   -6.241   -5.396   -5.209   -5.205   -5.205   -5.028   -5.028   -5.021   -5.004
   -4.799   -4.565   -4.565   -4.555   -4.555   -4.541   -4.483   -4.483   -4.343   -4.291
            0.453257 -0.371849  0.000000
  -15.158  -15.158  -14.633  -14.270  -14.098  -14.097  -13.788  -13.623  -13.623  -13.577
  -13.510  -13.497  -13.497  -13.203  -13.203  -13.167  -13.137  -13.137   -7.269   -6.896
   -6.896   -6.701   -6.701   -6.608   -6.608   -6.412   -6.386   -6.386   -6.348   -6.332
   -6.224   -6.224   -5.394   -5.254   -5.219   -5.219   -5.014   -5.008   -5.008   -4.995
   -4.763   -4.570   -4.569   -4.563   -4.563   -4.556   -4.477   -4.477   -4.346   -4.256
            0.445307 -0.385619  0.000000
  -15.155  -15.154  -14.662  -14.240  -14.095  -14.095  -13.805  -13.636  -13.636  -13.559
  -13.508  -13.489  -13.489  -13.210  -13.210  -13.166  -13.134  -13.134   -7.263   -6.913
   -6.913   -6.688   -6.687   -6.605   -6.605   -6.423   -6.394   -6.394   -6.351   -6.335
   -6.206   -6.206   -5.392   -5.300   -5.232   -5.232   -5.006   -4.988   -4.988   -4.986
   -4.729   -4.574   -4.574   -4.572   -4.570   -4.568   -4.472   -4.472   -4.349   -4.219
            0.437357 -0.399389  0.000000
  -15.150  -15.150  -14.691  -14.209  -14.093  -14.092  -13.822  -13.649  -13.649  -13.541
  -13.506  -13.482  -13.482  -13.217  -13.217  -13.164  -13.131  -13.130   -7.257   -6.929
   -6.929   -6.675   -6.675   -6.601   -6.601   -6.435   -6.402   -6.402   -6.355   -6.338
   -6.188   -6.188   -5.389   -5.346   -5.245   -5.245   -4.995   -4.977   -4.969   -4.969
   -4.696   -4.583   -4.580   -4.580   -4.578   -4.577   -4.466   -4.466   -4.354   -4.208
            0.429406 -0.413159  0.000000
  -15.145  -15.145  -14.720  -14.179  -14.090  -14.089  -13.839  -13.662  -13.662  -13.523
  -13.504  -13.476  -13.476  -13.224  -13.224  -13.162  -13.128  -13.128   -7.250   -6.946
   -6.946   -6.662   -6.662   -6.596   -6.596   -6.446   -6.409   -6.409   -6.361   -6.342
   -6.169   -6.169   -5.391   -5.387   -5.256   -5.256   -4.983   -4.966   -4.950   -4.949
   -4.664   -4.594   -4.586   -4.586   -4.585   -4.585   -4.461   -4.461   -4.358   -4.211
            0.421456 -0.426929  0.000000
  -15.139  -15.139  -14.748  -14.149  -14.086  -14.086  -13.856  -13.676  -13.676  -13.506
  -13.501  -13.470  -13.470  -13.231  -13.231  -13.160  -13.125  -13.125   -7.242   -6.962
   -6.962   -6.651   -6.651   -6.592   -6.592   -6.458   -6.415   -6.414   -6.368   -6.346
   -6.150   -6.149   -5.437   -5.384   -5.267   -5.267   -4.968   -4.956   -4.931   -4.931
   -4.632   -4.604   -4.594   -4.593   -4.593   -4.592   -4.457   -4.457   -4.363   -4.214
            0.413506 -0.440699  0.000000
  -15.133  -15.133  -14.776  -14.118  -14.082  -14.082  -13.872  -13.689  -13.689  -13.498
  -13.488  -13.465  -13.465  -13.239  -13.239  -13.158  -13.123  -13.123   -7.233   -6.978
   -6.978   -6.640   -6.640   -6.586   -6.586   -6.469   -6.420   -6.419   -6.376   -6.350
   -6.130   -6.130   -5.483   -5.381   -5.277   -5.277   -4.953   -4.945   -4.914   -4.914
   -4.612   -4.601   -4.601   -4.601   -4.600   -4.599   -4.452   -4.452   -4.368   -4.218
            0.405556 -0.454469  0.000000
  -15.126  -15.126  -14.804  -14.088  -14.078  -14.078  -13.889  -13.703  -13.703  -13.495
  -13.471  -13.461  -13.461  -13.247  -13.246  -13.155  -13.121  -13.121   -7.224   -6.994
   -6.994   -6.629   -6.629   -6.580   -6.580   -6.481   -6.424   -6.424   -6.385   -6.355
   -6.110   -6.110   -5.528   -5.377   -5.286   -5.286   -4.935   -4.934   -4.898   -4.898
   -4.620   -4.610   -4.610   -4.606   -4.606   -4.571   -4.448   -4.448   -4.373   -4.222
            0.397606 -0.468239  0.000000
  -15.119  -15.119  -14.832  -14.074  -14.074  -14.058  -13.905  -13.717  -13.716  -13.491
  -13.457  -13.457  -13.453  -13.254  -13.254  -13.152  -13.120  -13.120   -7.214   -7.009
   -7.009   -6.620   -6.620   -6.574   -6.574   -6.492   -6.427   -6.427   -6.396   -6.361
   -6.089   -6.089   -5.574   -5.374   -5.294   -5.294   -4.923   -4.916   -4.883   -4.883
   -4.626   -4.619   -4.619   -4.613   -4.612   -4.540   -4.445   -4.445   -4.379   -4.227
            0.389656 -0.482009  0.000000
  -15.111  -15.111  -14.859  -14.069  -14.069  -14.029  -13.921  -13.730  -13.730  -13.487
  -13.454  -13.454  -13.436  -13.262  -13.262  -13.149  -13.119  -13.119   -7.203   -7.023
   -7.023   -6.611   -6.611   -6.568   -6.568   -6.504   -6.429   -6.429   -6.408   -6.366
   -6.069   -6.069   -5.619   -5.370   -5.302   -5.302   -4.912   -4.895   -4.871   -4.870
   -4.632   -4.629   -4.629   -4.619   -4.618   -4.511   -4.441   -4.441   -4.385   -4.232
            0.381705 -0.495779  0.000000
  -15.102  -15.102  -14.886  -14.064  -14.064  -13.999  -13.937  -13.744  -13.744  -13.483
  -13.452  -13.452  -13.419  -13.270  -13.270  -13.146  -13.119  -13.118   -7.191   -7.037
   -7.037   -6.603   -6.603   -6.561   -6.561   -6.515   -6.430   -6.430   -6.420   -6.373
   -6.048   -6.048   -5.663   -5.366   -5.309   -5.309   -4.901   -4.873   -4.860   -4.860
   -4.640   -4.640   -4.636   -4.624   -4.624   -4.481   -4.438   -4.438   -4.390   -4.239
            0.373755 -0.509549  0.000000
  -15.093  -15.093  -14.912  -14.059  -14.059  -13.970  -13.952  -13.758  -13.758  -13.479
  -13.450  -13.450  -13.401  -13.278  -13.278  -13.143  -13.118  -13.118   -7.178   -7.050
   -7.050   -6.595   -6.595   -6.553   -6.553   -6.525   -6.434   -6.431   -6.431   -6.379
   -6.027   -6.027   -5.708   -5.361   -5.315   -5.315   -4.891   -4.851   -4.851   -4.850
   -4.651   -4.651   -4.639   -4.629   -4.629   -4.452   -4.435   -4.435   -4.396   -4.247
            0.365805 -0.523319  0.000000
  -15.084  -15.083  -14.939  -14.053  -14.053  -13.968  -13.941  -13.772  -13.772  -13.474
  -13.449  -13.449  -13.385  -13.286  -13.286  -13.139  -13.119  -13.119   -7.165   -7.062
   -7.062   -6.589   -6.589   -6.546   -6.546   -6.535   -6.449   -6.430   -6.430   -6.387
   -6.006   -6.006   -5.752   -5.357   -5.321   -5.321   -4.881   -4.845   -4.845   -4.825
   -4.663   -4.663   -4.642   -4.633   -4.633   -4.432   -4.432   -4.422   -4.402   -4.255
            0.357855 -0.537089  0.000000
  -15.073  -15.073  -14.964  -14.047  -14.047  -13.983  -13.912  -13.786  -13.786  -13.469
  -13.449  -13.449  -13.368  -13.294  -13.294  -13.136  -13.119  -13.119   -7.150   -7.074
   -7.074   -6.583   -6.583   -6.545   -6.538   -6.538   -6.464   -6.429   -6.429   -6.394
   -5.985   -5.985   -5.795   -5.352   -5.326   -5.326   -4.871   -4.841   -4.841   -4.800
   -4.675   -4.675   -4.643   -4.637   -4.636   -4.430   -4.429   -4.407   -4.393   -4.265
            0.349905 -0.550859  0.000000
  -15.062  -15.062  -14.990  -14.041  -14.041  -13.998  -13.884  -13.800  -13.800  -13.464
  -13.450  -13.450  -13.351  -13.302  -13.302  -13.132  -13.120  -13.120   -7.135   -7.084
   -7.084   -6.578   -6.578   -6.553   -6.530   -6.530   -6.480   -6.427   -6.427   -6.402
   -5.964   -5.964   -5.838   -5.347   -5.330   -5.330   -4.861   -4.840   -4.840   -4.773
   -4.689   -4.689   -4.644   -4.640   -4.639   -4.427   -4.427   -4.413   -4.363   -4.277
            0.341955 -0.564629  0.000000
  -15.051  -15.051  -15.015  -14.034  -14.034  -14.012  -13.856  -13.814  -13.814  -13.459
  -13.452  -13.451  -13.335  -13.310  -13.310  -13.128  -13.122  -13.122   -7.120   -7.094
   -7.094   -6.573   -6.573   -6.562   -6.522   -6.521   -6.496   -6.423   -6.423   -6.411
   -5.943   -5.943   -5.880   -5.342   -5.333   -5.333   -4.852   -4.841   -4.841   -4.745
   -4.702   -4.702   -4.644   -4.642   -4.641   -4.425   -4.424   -4.418   -4.334   -4.289
            0.334005 -0.578400  0.000000
  -15.040  -15.039  -15.038  -14.028  -14.027  -14.026  -13.829  -13.828  -13.826  -13.455
  -13.454  -13.452  -13.319  -13.318  -13.318  -13.124  -13.124  -13.123   -7.104   -7.103
   -7.103   -6.570   -6.569   -6.569   -6.514   -6.513   -6.512   -6.420   -6.419   -6.419
   -5.922   -5.922   -5.921   -5.337   -5.336   -5.335   -4.844   -4.844   -4.843   -4.718
   -4.716   -4.715   -4.644   -4.643   -4.641   -4.423   -4.422   -4.422   -4.305   -4.303
            0.326052 -0.564628  0.000000
  -15.063  -15.027  -15.026  -14.041  -14.020  -14.019  -13.842  -13.840  -13.800  -13.458
  -13.456  -13.448  -13.327  -13.326  -13.302  -13.126  -13.126  -13.119   -7.111   -7.111
   -7.086   -6.576   -6.566   -6.566   -6.530   -6.505   -6.504   -6.429   -6.415   -6.414
   -5.963   -5.902   -5.901   -5.340   -5.338   -5.331   -4.849   -4.848   -4.836   -4.733
   -4.730   -4.687   -4.644   -4.642   -4.640   -4.427   -4.421   -4.419   -4.321   -4.318
            0.318100 -0.550857  0.000000
  -15.087  -15.014  -15.013  -14.055  -14.013  -14.011  -13.856  -13.854  -13.773  -13.462
  -13.460  -13.442  -13.335  -13.334  -13.286  -13.129  -13.128  -13.115   -7.118   -7.118
   -7.068   -6.582   -6.564   -6.563   -6.548   -6.496   -6.495   -6.438   -6.409   -6.408
   -6.003   -5.882   -5.881   -5.341   -5.340   -5.326   -4.856   -4.855   -4.829   -4.748
   -4.745   -4.657   -4.643   -4.641   -4.638   -4.431   -4.418   -4.417   -4.338   -4.335
            0.310147 -0.537085  0.000000
  -15.110  -15.001  -15.000  -14.069  -14.005  -14.003  -13.869  -13.868  -13.747  -13.467
  -13.465  -13.436  -13.343  -13.342  -13.271  -13.132  -13.132  -13.110   -7.125   -7.124
   -7.049   -6.587   -6.566   -6.562   -6.561   -6.487   -6.486   -6.448   -6.402   -6.401
   -6.043   -5.862   -5.861   -5.343   -5.341   -5.320   -4.864   -4.864   -4.822   -4.763
   -4.761   -4.641   -4.640   -4.635   -4.627   -4.435   -4.416   -4.414   -4.357   -4.355
            0.302195 -0.523314  0.000000
  -15.133  -14.987  -14.986  -14.082  -13.996  -13.995  -13.883  -13.881  -13.721  -13.472
  -13.471  -13.430  -13.351  -13.350  -13.256  -13.136  -13.135  -13.105   -7.130   -7.129
   -7.029   -6.590   -6.584   -6.560   -6.560   -6.479   -6.478   -6.459   -6.395   -6.394
   -6.081   -5.843   -5.841   -5.343   -5.342   -5.314   -4.874   -4.873   -4.816   -4.779
   -4.777   -4.638   -4.637   -4.631   -4.596   -4.439   -4.413   -4.412   -4.378   -4.375
            0.294242 -0.509542  0.000000
  -15.155  -14.972  -14.971  -14.096  -13.988  -13.987  -13.896  -13.894  -13.695  -13.479
  -13.477  -13.424  -13.358  -13.358  -13.241  -13.140  -13.139  -13.101   -7.134   -7.133
   -7.009   -6.602   -6.593   -6.560   -6.559   -6.470   -6.470   -6.469   -6.386   -6.385
   -6.119   -5.824   -5.823   -5.343   -5.342   -5.309   -4.885   -4.884   -4.811   -4.795
   -4.793   -4.634   -4.632   -4.626   -4.564   -4.442   -4.410   -4.409   -4.400   -4.398
            0.286290 -0.495771  0.000000
  -15.177  -14.957  -14.956  -14.108  -13.979  -13.978  -13.909  -13.907  -13.670  -13.486
  -13.484  -13.417  -13.366  -13.366  -13.226  -13.144  -13.144  -13.096   -7.136   -7.136
   -6.988   -6.621   -6.595   -6.559   -6.559   -6.481   -6.461   -6.460   -6.377   -6.376
   -6.156   -5.806   -5.805   -5.343   -5.342   -5.303   -4.896   -4.895   -4.812   -4.810
   -4.807   -4.629   -4.627   -4.620   -4.533   -4.444   -4.424   -4.422   -4.407   -4.406
            0.278337 -0.482000  0.000000
  -15.198  -14.942  -14.941  -14.121  -13.970  -13.969  -13.922  -13.920  -13.646  -13.494
  -13.492  -13.411  -13.374  -13.373  -13.211  -13.149  -13.149  -13.091   -7.138   -7.137
   -6.966   -6.639   -6.596   -6.560   -6.559   -6.492   -6.453   -6.452   -6.367   -6.366
   -6.193   -5.788   -5.787   -5.342   -5.341   -5.298   -4.909   -4.908   -4.828   -4.827
   -4.804   -4.622   -4.620   -4.614   -4.501   -4.450   -4.448   -4.445   -4.404   -4.402
            0.270385 -0.468228  0.000000
  -15.219  -14.926  -14.925  -14.133  -13.960  -13.959  -13.935  -13.933  -13.622  -13.503
  -13.501  -13.404  -13.382  -13.381  -13.197  -13.155  -13.154  -13.085   -7.139   -7.138
   -6.944   -6.657   -6.596   -6.560   -6.560   -6.504   -6.445   -6.444   -6.355   -6.355
   -6.228   -5.772   -5.770   -5.341   -5.340   -5.292   -4.921   -4.920   -4.845   -4.843
   -4.801   -4.614   -4.613   -4.607   -4.476   -4.474   -4.468   -4.448   -4.400   -4.399
            0.262432 -0.454457  0.000000
  -15.239  -14.909  -14.908  -14.145  -13.951  -13.950  -13.947  -13.945  -13.599  -13.513
  -13.511  -13.397  -13.389  -13.389  -13.183  -13.160  -13.160  -13.080   -7.139   -7.138
   -6.921   -6.675   -6.595   -6.562   -6.561   -6.516   -6.437   -6.436   -6.344   -6.343
   -6.263   -5.756   -5.755   -5.340   -5.338   -5.287   -4.935   -4.934   -4.862   -4.861
   -4.800   -4.605   -4.603   -4.600   -4.504   -4.502   -4.449   -4.436   -4.396   -4.395
            0.254480 -0.440685  0.000000
  -15.259  -14.892  -14.891  -14.157  -13.959  -13.957  -13.941  -13.940  -13.576  -13.523
  -13.522  -13.396  -13.396  -13.390  -13.171  -13.167  -13.164  -13.075   -7.137   -7.136
   -6.897   -6.693   -6.592   -6.563   -6.563   -6.528   -6.430   -6.428   -6.331   -6.330
   -6.296   -5.741   -5.739   -5.338   -5.336   -5.282   -4.948   -4.947   -4.879   -4.878
   -4.800   -4.595   -4.593   -4.591   -4.533   -4.532   -4.449   -4.404   -4.392   -4.390
            0.246527 -0.426914  0.000000
  -15.279  -14.875  -14.874  -14.169  -13.971  -13.969  -13.930  -13.929  -13.554  -13.535
  -13.533  -13.404  -13.403  -13.383  -13.173  -13.173  -13.156  -13.069   -7.135   -7.134
   -6.873   -6.711   -6.588   -6.565   -6.565   -6.541   -6.423   -6.421   -6.329   -6.318
   -6.317   -5.727   -5.725   -5.335   -5.334   -5.276   -4.961   -4.960   -4.896   -4.895
   -4.800   -4.585   -4.582   -4.580   -4.564   -4.562   -4.449   -4.387   -4.386   -4.372
            0.238575 -0.413143  0.000000
  -15.297  -14.857  -14.856  -14.180  -13.983  -13.981  -13.920  -13.919  -13.547  -13.545
  -13.532  -13.411  -13.410  -13.376  -13.180  -13.180  -13.143  -13.064   -7.131   -7.130
   -6.847   -6.729   -6.583   -6.568   -6.567   -6.553   -6.416   -6.415   -6.361   -6.303
   -6.302   -5.713   -5.712   -5.333   -5.331   -5.272   -4.975   -4.974   -4.913   -4.912
   -4.803   -4.595   -4.593   -4.575   -4.569   -4.567   -4.448   -4.387   -4.382   -4.380
            0.230622 -0.399371  0.000000
  -15.315  -14.838  -14.837  -14.191  -13.994  -13.993  -13.909  -13.908  -13.560  -13.558
  -13.511  -13.418  -13.417  -13.369  -13.188  -13.187  -13.131  -13.059   -7.127   -7.126
   -6.822   -6.746   -6.577   -6.571   -6.570   -6.566   -6.410   -6.409   -6.391   -6.288
   -6.288   -5.701   -5.699   -5.330   -5.328   -5.267   -4.988   -4.987   -4.929   -4.928
   -4.806   -4.627   -4.625   -4.566   -4.554   -4.552   -4.447   -4.428   -4.376   -4.375
            0.222670 -0.385600  0.000000
  -15.333  -14.820  -14.818  -14.201  -14.006  -14.004  -13.898  -13.897  -13.574  -13.572
  -13.491  -13.425  -13.424  -13.362  -13.195  -13.195  -13.119  -13.053   -7.121   -7.120
   -6.795   -6.763   -6.579   -6.574   -6.573   -6.569   -6.421   -6.405   -6.403   -6.273
   -6.272   -5.689   -5.688   -5.326   -5.325   -5.263   -5.002   -5.001   -4.946   -4.945
   -4.812   -4.659   -4.658   -4.556   -4.538   -4.536   -4.466   -4.445   -4.370   -4.369
            0.214717 -0.371828  0.000000
  -15.350  -14.800  -14.799  -14.211  -14.016  -14.015  -13.887  -13.886  -13.588  -13.586
  -13.472  -13.431  -13.431  -13.355  -13.203  -13.203  -13.107  -13.048   -7.114   -7.113
   -6.780   -6.768   -6.592   -6.577   -6.576   -6.560   -6.450   -6.400   -6.399   -6.256
   -6.255   -5.679   -5.677   -5.323   -5.321   -5.259   -5.015   -5.014   -4.962   -4.961
   -4.820   -4.693   -4.691   -4.546   -4.520   -4.519   -4.504   -4.443   -4.363   -4.362
            0.206765 -0.358057  0.000000
  -15.367  -14.781  -14.780  -14.221  -14.027  -14.025  -13.876  -13.874  -13.603  -13.601
  -13.453  -13.438  -13.437  -13.347  -13.212  -13.211  -13.096  -13.042   -7.106   -7.105
   -6.796   -6.741   -6.605   -6.580   -6.580   -6.550   -6.478   -6.396   -6.395   -6.239
   -6.238   -5.669   -5.668   -5.319   -5.317   -5.256   -5.028   -5.026   -4.978   -4.977
   -4.830   -4.726   -4.725   -4.539   -4.535   -4.502   -4.500   -4.440   -4.356   -4.355
            0.198812 -0.344285  0.000000
  -15.383  -14.761  -14.760  -14.231  -14.037  -14.036  -13.864  -13.863  -13.619  -13.617
  -13.444  -13.444  -13.435  -13.340  -13.221  -13.220  -13.085  -13.037   -7.098   -7.096
   -6.812   -6.712   -6.618   -6.584   -6.584   -6.539   -6.504   -6.393   -6.392   -6.221
   -6.220   -5.660   -5.659   -5.315   -5.313   -5.253   -5.040   -5.039   -4.994   -4.993
   -4.843   -4.760   -4.759   -4.571   -4.524   -4.482   -4.481   -4.437   -4.348   -4.347
            0.190860 -0.330514  0.000000
  -15.398  -14.740  -14.739  -14.240  -14.047  -14.045  -13.852  -13.851  -13.635  -13.633
  -13.450  -13.450  -13.417  -13.333  -13.230  -13.229  -13.074  -13.032   -7.088   -7.087
   -6.828   -6.684   -6.631   -6.588   -6.587   -6.530   -6.526   -6.391   -6.390   -6.203
   -6.202   -5.652   -5.651   -5.310   -5.309   -5.251   -5.052   -5.051   -5.009   -5.008
   -4.860   -4.795   -4.794   -4.601   -4.513   -4.461   -4.460   -4.433   -4.339   -4.338
            0.182907 -0.316743  0.000000
  -15.413  -14.720  -14.718  -14.248  -14.057  -14.055  -13.840  -13.839  -13.652  -13.651
  -13.456  -13.456  -13.401  -13.326  -13.240  -13.239  -13.064  -13.026   -7.077   -7.076
   -6.843   -6.654   -6.643   -6.592   -6.591   -6.555   -6.512   -6.390   -6.389   -6.184
   -6.183   -5.645   -5.643   -5.306   -5.304   -5.250   -5.064   -5.063   -5.023   -5.023
   -4.881   -4.829   -4.828   -4.626   -4.502   -4.440   -4.439   -4.428   -4.331   -4.329
            0.174955 -0.302971  0.000000
  -15.427  -14.698  -14.697  -14.257  -14.066  -14.064  -13.828  -13.827  -13.670  -13.668
  -13.462  -13.461  -13.385  -13.319  -13.249  -13.249  -13.054  -13.021   -7.066   -7.064
   -6.857   -6.656   -6.624   -6.596   -6.596   -6.578   -6.497   -6.390   -6.388   -6.164
   -6.163   -5.638   -5.637   -5.301   -5.300   -5.250   -5.075   -5.074   -5.037   -5.037
   -4.906   -4.864   -4.863   -4.648   -4.490   -4.425   -4.417   -4.415   -4.321   -4.320
            0.167002 -0.289200  0.000000
  -15.440  -14.677  -14.676  -14.265  -14.075  -14.073  -13.815  -13.814  -13.688  -13.687
  -13.467  -13.467  -13.370  -13.312  -13.260  -13.259  -13.045  -13.016   -7.053   -7.052
   -6.871   -6.669   -6.601   -6.600   -6.600   -6.594   -6.480   -6.391   -6.389   -6.143
   -6.143   -5.633   -5.631   -5.296   -5.295   -5.251   -5.086   -5.085   -5.051   -5.050
   -4.935   -4.899   -4.898   -4.667   -4.478   -4.419   -4.393   -4.392   -4.311   -4.310
            0.159050 -0.275428  0.000000
  -15.453  -14.655  -14.654  -14.273  -14.084  -14.082  -13.803  -13.802  -13.707  -13.706
  -13.473  -13.472  -13.355  -13.305  -13.270  -13.269  -13.036  -13.011   -7.040   -7.038
   -6.885   -6.681   -6.622   -6.604   -6.604   -6.563   -6.462   -6.393   -6.391   -6.122
   -6.122   -5.628   -5.626   -5.291   -5.290   -5.253   -5.097   -5.095   -5.063   -5.063
   -4.967   -4.934   -4.933   -4.682   -4.466   -4.414   -4.369   -4.368   -4.322   -4.300
            0.151097 -0.261657  0.000000
  -15.466  -14.633  -14.631  -14.280  -14.092  -14.090  -13.790  -13.789  -13.727  -13.725
  -13.478  -13.477  -13.342  -13.299  -13.281  -13.280  -13.028  -13.006   -7.025   -7.024
   -6.898   -6.693   -6.643   -6.609   -6.608   -6.531   -6.443   -6.396   -6.395   -6.101
   -6.100   -5.623   -5.621   -5.286   -5.285   -5.257   -5.107   -5.105   -5.075   -5.075
   -5.001   -4.969   -4.968   -4.695   -4.455   -4.408   -4.374   -4.345   -4.344   -4.289
            0.143145 -0.247886  0.000000
  -15.478  -14.610  -14.609  -14.287  -14.100  -14.098  -13.777  -13.776  -13.747  -13.745
  -13.483  -13.482  -13.329  -13.292  -13.292  -13.291  -13.020  -13.001   -7.010   -7.009
   -6.910   -6.705   -6.662   -6.613   -6.612   -6.499   -6.422   -6.400   -6.399   -6.079
   -6.078   -5.619   -5.617   -5.281   -5.280   -5.263   -5.116   -5.115   -5.087   -5.086
   -5.038   -5.004   -5.003   -4.706   -4.443   -4.424   -4.402   -4.320   -4.319   -4.277
            0.135192 -0.234114  0.000000
  -15.489  -14.587  -14.586  -14.294  -14.107  -14.105  -13.768  -13.766  -13.764  -13.763
  -13.487  -13.487  -13.317  -13.303  -13.303  -13.286  -13.012  -12.996   -6.995   -6.993
   -6.922   -6.716   -6.680   -6.617   -6.616   -6.467   -6.406   -6.405   -6.400   -6.056
   -6.055   -5.616   -5.614   -5.276   -5.275   -5.270   -5.125   -5.124   -5.098   -5.097
   -5.076   -5.039   -5.038   -4.715   -4.472   -4.431   -4.395   -4.295   -4.294   -4.264
            0.127240 -0.220343  0.000000
  -15.499  -14.564  -14.563  -14.300  -14.114  -14.112  -13.789  -13.787  -13.750  -13.749
  -13.492  -13.491  -13.315  -13.314  -13.306  -13.279  -13.005  -12.992   -6.978   -6.977
   -6.933   -6.727   -6.697   -6.621   -6.620   -6.434   -6.413   -6.411   -6.377   -6.033
   -6.032   -5.613   -5.611   -5.280   -5.271   -5.270   -5.134   -5.132   -5.115   -5.108
   -5.107   -5.073   -5.072   -4.724   -4.516   -4.420   -4.389   -4.269   -4.268   -4.251
            0.119287 -0.206571  0.000000
  -15.509  -14.541  -14.540  -14.306  -14.121  -14.119  -13.810  -13.808  -13.737  -13.736
  -13.496  -13.495  -13.327  -13.326  -13.295  -13.273  -12.998  -12.987   -6.961   -6.959
   -6.944   -6.738   -6.713   -6.625   -6.624   -6.421   -6.419   -6.401   -6.352   -6.009
   -6.008   -5.610   -5.608   -5.293   -5.266   -5.265   -5.155   -5.142   -5.140   -5.117
   -5.116   -5.108   -5.107   -4.731   -4.558   -4.409   -4.382   -4.244   -4.243   -4.238
            0.111335 -0.192800  0.000000
  -15.519  -14.517  -14.516  -14.312  -14.127  -14.125  -13.832  -13.830  -13.723  -13.722
  -13.500  -13.499  -13.339  -13.338  -13.285  -13.268  -12.992  -12.983   -6.954   -6.943
   -6.942   -6.748   -6.728   -6.629   -6.628   -6.430   -6.428   -6.367   -6.327   -5.984
   -5.984   -5.608   -5.606   -5.307   -5.261   -5.260   -5.195   -5.149   -5.148   -5.142
   -5.141   -5.126   -5.125   -4.738   -4.595   -4.398   -4.376   -4.224   -4.223   -4.219
            0.103382 -0.179028  0.000000
  -15.527  -14.493  -14.492  -14.317  -14.133  -14.131  -13.854  -13.853  -13.710  -13.709
  -13.503  -13.503  -13.351  -13.351  -13.276  -13.262  -12.986  -12.979   -6.963   -6.925
   -6.923   -6.758   -6.742   -6.632   -6.632   -6.440   -6.439   -6.333   -6.300   -5.960
   -5.959   -5.606   -5.604   -5.325   -5.256   -5.255   -5.235   -5.176   -5.176   -5.156
   -5.155   -5.134   -5.133   -4.744   -4.630   -4.387   -4.369   -4.210   -4.208   -4.194
            0.095430 -0.165257  0.000000
  -15.535  -14.469  -14.468  -14.322  -14.138  -14.137  -13.877  -13.876  -13.696  -13.695
  -13.507  -13.506  -13.364  -13.363  -13.268  -13.257  -12.981  -12.975   -6.972   -6.906
   -6.904   -6.767   -6.755   -6.636   -6.635   -6.452   -6.450   -6.299   -6.273   -5.934
   -5.934   -5.604   -5.603   -5.346   -5.276   -5.251   -5.250   -5.210   -5.210   -5.163
   -5.161   -5.141   -5.141   -4.750   -4.660   -4.377   -4.362   -4.195   -4.193   -4.170
            0.087477 -0.151486  0.000000
  -15.543  -14.445  -14.444  -14.326  -14.143  -14.142  -13.900  -13.899  -13.682  -13.681
  -13.510  -13.509  -13.377  -13.376  -13.261  -13.252  -12.976  -12.972   -6.980   -6.886
   -6.885   -6.776   -6.766   -6.639   -6.639   -6.465   -6.463   -6.265   -6.244   -5.909
   -5.908   -5.603   -5.601   -5.369   -5.316   -5.246   -5.245   -5.244   -5.243   -5.169
   -5.167   -5.148   -5.147   -4.756   -4.687   -4.367   -4.356   -4.179   -4.178   -4.147
            0.079525 -0.137714  0.000000
  -15.549  -14.421  -14.419  -14.330  -14.148  -14.146  -13.924  -13.922  -13.668  -13.667
  -13.513  -13.512  -13.390  -13.389  -13.254  -13.247  -12.972  -12.968   -6.988   -6.867
   -6.865   -6.784   -6.777   -6.642   -6.642   -6.478   -6.476   -6.231   -6.214   -5.882
   -5.882   -5.602   -5.600   -5.395   -5.356   -5.278   -5.277   -5.241   -5.240   -5.174
   -5.173   -5.154   -5.154   -4.761   -4.709   -4.358   -4.349   -4.164   -4.162   -4.125
            0.071572 -0.123943  0.000000
  -15.556  -14.396  -14.395  -14.334  -14.152  -14.150  -13.947  -13.946  -13.654  -13.653
  -13.515  -13.515  -13.403  -13.402  -13.248  -13.243  -12.968  -12.965   -6.994   -6.846
   -6.845   -6.792   -6.786   -6.645   -6.644   -6.493   -6.491   -6.196   -6.184   -5.856
   -5.855   -5.601   -5.599   -5.423   -5.395   -5.311   -5.310   -5.237   -5.236   -5.179
   -5.178   -5.160   -5.160   -4.766   -4.729   -4.350   -4.343   -4.148   -4.147   -4.104
            0.063620 -0.110171  0.000000
  -15.561  -14.371  -14.370  -14.337  -14.156  -14.154  -13.971  -13.970  -13.640  -13.639
  -13.518  -13.517  -13.416  -13.415  -13.242  -13.239  -12.964  -12.963   -7.000   -6.826
   -6.824   -6.798   -6.795   -6.647   -6.647   -6.508   -6.507   -6.163   -6.154   -5.829
   -5.828   -5.600   -5.598   -5.453   -5.434   -5.344   -5.343   -5.232   -5.231   -5.183
   -5.182   -5.165   -5.165   -4.771   -4.745   -4.342   -4.338   -4.132   -4.130   -4.084
            0.055667 -0.096400  0.000000
  -15.566  -14.346  -14.345  -14.340  -14.159  -14.157  -13.996  -13.994  -13.626  -13.625
  -13.520  -13.519  -13.430  -13.429  -13.238  -13.235  -12.961  -12.960   -7.006   -6.805
   -6.805   -6.804   -6.802   -6.650   -6.649   -6.525   -6.523   -6.129   -6.123   -5.801
   -5.800   -5.600   -5.598   -5.484   -5.471   -5.377   -5.376   -5.228   -5.227   -5.187
   -5.186   -5.170   -5.170   -4.775   -4.758   -4.336   -4.332   -4.116   -4.114   -4.066
            0.047715 -0.082629  0.000000
  -15.570  -14.343  -14.321  -14.320  -14.162  -14.160  -14.020  -14.018  -13.612  -13.611
  -13.522  -13.521  -13.443  -13.442  -13.234  -13.232  -12.958  -12.958   -7.010   -6.810
   -6.808   -6.784   -6.783   -6.652   -6.651   -6.542   -6.540   -6.096   -6.093   -5.773
   -5.772   -5.599   -5.597   -5.515   -5.508   -5.409   -5.409   -5.223   -5.222   -5.191
   -5.189   -5.175   -5.175   -4.779   -4.768   -4.330   -4.327   -4.099   -4.098   -4.050
            0.039762 -0.068857  0.000000
  -15.574  -14.345  -14.296  -14.295  -14.164  -14.163  -14.045  -14.043  -13.598  -13.597
  -13.523  -13.523  -13.457  -13.456  -13.230  -13.229  -12.956  -12.956   -7.014   -6.815
   -6.814   -6.763   -6.762   -6.653   -6.653   -6.560   -6.558   -6.065   -6.063   -5.745
   -5.744   -5.599   -5.597   -5.546   -5.542   -5.442   -5.441   -5.219   -5.218   -5.194
   -5.192   -5.180   -5.179   -4.782   -4.776   -4.324   -4.323   -4.083   -4.081   -4.036
            0.031810 -0.055086  0.000000
  -15.577  -14.346  -14.271  -14.269  -14.166  -14.165  -14.069  -14.068  -13.583  -13.582
  -13.524  -13.524  -13.471  -13.470  -13.228  -13.227  -12.954  -12.954   -7.018   -6.819
   -6.818   -6.742   -6.740   -6.655   -6.654   -6.579   -6.577   -6.036   -6.035   -5.716
   -5.715   -5.599   -5.597   -5.576   -5.574   -5.473   -5.473   -5.215   -5.214   -5.196
   -5.194   -5.184   -5.183   -4.785   -4.782   -4.320   -4.320   -4.067   -4.065   -4.024
            0.023857 -0.041314  0.000000
  -15.579  -14.348  -14.246  -14.244  -14.168  -14.166  -14.094  -14.093  -13.569  -13.568
  -13.525  -13.525  -13.484  -13.484  -13.225  -13.225  -12.953  -12.953   -7.020   -6.822
   -6.821   -6.721   -6.719   -6.656   -6.656   -6.598   -6.596   -6.010   -6.010   -5.687
   -5.686   -5.603   -5.602   -5.599   -5.597   -5.505   -5.504   -5.211   -5.210   -5.198
   -5.196   -5.188   -5.187   -4.788   -4.786   -4.317   -4.317   -4.051   -4.049   -4.014
            0.015905 -0.027543  0.000000
  -15.581  -14.349  -14.220  -14.219  -14.169  -14.167  -14.119  -14.118  -13.555  -13.554
  -13.526  -13.525  -13.498  -13.497  -13.224  -13.224  -12.952  -12.952   -7.022   -6.824
   -6.824   -6.700   -6.698   -6.657   -6.656   -6.617   -6.616   -5.989   -5.989   -5.658
   -5.657   -5.624   -5.624   -5.598   -5.596   -5.536   -5.535   -5.207   -5.206   -5.199
   -5.198   -5.192   -5.191   -4.790   -4.789   -4.315   -4.314   -4.034   -4.033   -4.008
            0.007952 -0.013771  0.000000
  -15.582  -14.349  -14.195  -14.194  -14.170  -14.168  -14.144  -14.143  -13.541  -13.540
  -13.527  -13.526  -13.513  -13.512  -13.223  -13.223  -12.951  -12.951   -7.023   -6.825
   -6.825   -6.679   -6.677   -6.657   -6.657   -6.638   -6.636   -5.976   -5.976   -5.639
   -5.639   -5.628   -5.627   -5.598   -5.596   -5.567   -5.566   -5.203   -5.203   -5.200
   -5.198   -5.196   -5.195   -4.791   -4.791   -4.313   -4.313   -4.019   -4.017   -4.003
            0.000000  0.000000  0.000000
  -15.582  -14.349  -14.171  -14.170  -14.170  -14.168  -14.168  -14.168  -13.527  -13.527
  -13.527  -13.526  -13.526  -13.525  -13.223  -13.223  -12.951  -12.951   -7.023   -6.826
   -6.826   -6.658   -6.658   -6.657   -6.657   -6.656   -6.656   -5.971   -5.971   -5.644
   -5.644   -5.598   -5.598   -5.597   -5.597   -5.596   -5.596   -5.200   -5.200   -5.199
   -5.199   -5.199   -5.198   -4.791   -4.791   -4.313   -4.313   -4.003   -4.003   -4.002
