#  E (eV)   dos(E)     Int dos(E) EFermi =    0.000 eV
 -17.623  0.4755E-04  0.4755E-05
 -17.523  0.1178E-03  0.1653E-04
 -17.423  0.2799E-03  0.4452E-04
 -17.323  0.6385E-03  0.1084E-03
 -17.223  0.1399E-02  0.2482E-03
 -17.123  0.2941E-02  0.5424E-03
 -17.023  0.5942E-02  0.1137E-02
 -16.923  0.1153E-01  0.2290E-02
 -16.823  0.2152E-01  0.4442E-02
 -16.723  0.3859E-01  0.8301E-02
 -16.623  0.6658E-01  0.1496E-01
 -16.523  0.1105E+00  0.2601E-01
 -16.423  0.1767E+00  0.4369E-01
 -16.323  0.2723E+00  0.7091E-01
 -16.223  0.4045E+00  0.1114E+00
 -16.123  0.5800E+00  0.1694E+00
 -16.023  0.8037E+00  0.2497E+00
 -15.923  0.1078E+01  0.3575E+00
 -15.823  0.1401E+01  0.4976E+00
 -15.723  0.1768E+01  0.6743E+00
 -15.623  0.2171E+01  0.8915E+00
 -15.523  0.2603E+01  0.1152E+01
 -15.423  0.3057E+01  0.1457E+01
 -15.323  0.3527E+01  0.1810E+01
 -15.223  0.4017E+01  0.2212E+01
 -15.123  0.4534E+01  0.2665E+01
 -15.023  0.5092E+01  0.3174E+01
 -14.923  0.5711E+01  0.3746E+01
 -14.823  0.6412E+01  0.4387E+01
 -14.723  0.7215E+01  0.5108E+01
 -14.623  0.8136E+01  0.5922E+01
 -14.523  0.9183E+01  0.6840E+01
 -14.423  0.1035E+02  0.7875E+01
 -14.323  0.1163E+02  0.9038E+01
 -14.223  0.1299E+02  0.1034E+02
 -14.123  0.1438E+02  0.1178E+02
 -14.023  0.1576E+02  0.1335E+02
 -13.923  0.1704E+02  0.1505E+02
 -13.823  0.1814E+02  0.1687E+02
 -13.723  0.1899E+02  0.1877E+02
 -13.623  0.1950E+02  0.2072E+02
 -13.523  0.1960E+02  0.2268E+02
 -13.423  0.1925E+02  0.2460E+02
 -13.323  0.1844E+02  0.2645E+02
 -13.223  0.1720E+02  0.2817E+02
 -13.123  0.1560E+02  0.2973E+02
 -13.023  0.1373E+02  0.3110E+02
 -12.923  0.1172E+02  0.3227E+02
 -12.823  0.9693E+01  0.3324E+02
 -12.723  0.7754E+01  0.3402E+02
 -12.623  0.5995E+01  0.3462E+02
 -12.523  0.4477E+01  0.3506E+02
 -12.423  0.3227E+01  0.3539E+02
 -12.323  0.2243E+01  0.3561E+02
 -12.223  0.1503E+01  0.3576E+02
 -12.123  0.9703E+00  0.3586E+02
 -12.023  0.6031E+00  0.3592E+02
 -11.923  0.3609E+00  0.3596E+02
 -11.823  0.2077E+00  0.3598E+02
 -11.723  0.1150E+00  0.3599E+02
 -11.623  0.6123E-01  0.3599E+02
 -11.523  0.3133E-01  0.3600E+02
 -11.423  0.1541E-01  0.3600E+02
 -11.323  0.7279E-02  0.3600E+02
 -11.223  0.3303E-02  0.3600E+02
 -11.123  0.1439E-02  0.3600E+02
 -11.023  0.6023E-03  0.3600E+02
 -10.923  0.2420E-03  0.3600E+02
 -10.823  0.9331E-04  0.3600E+02
 -10.723  0.3453E-04  0.3600E+02
 -10.623  0.1226E-04  0.3600E+02
 -10.523  0.4179E-05  0.3600E+02
 -10.423  0.1366E-05  0.3600E+02
 -10.323  0.4296E-06  0.3600E+02
 -10.223  0.1332E-06  0.3600E+02
 -10.123  0.5261E-07  0.3600E+02
 -10.023  0.6378E-07  0.3600E+02
  -9.923  0.1806E-06  0.3600E+02
  -9.823  0.5684E-06  0.3600E+02
  -9.723  0.1738E-05  0.3600E+02
  -9.623  0.5106E-05  0.3600E+02
  -9.523  0.1440E-04  0.3600E+02
  -9.423  0.3897E-04  0.3600E+02
  -9.323  0.1013E-03  0.3600E+02
  -9.223  0.2529E-03  0.3600E+02
  -9.123  0.6065E-03  0.3600E+02
  -9.023  0.1398E-02  0.3600E+02
  -8.923  0.3098E-02  0.3600E+02
  -8.823  0.6601E-02  0.3600E+02
  -8.723  0.1354E-01  0.3600E+02
  -8.623  0.2672E-01  0.3601E+02
  -8.523  0.5080E-01  0.3601E+02
  -8.423  0.9309E-01  0.3602E+02
  -8.323  0.1645E+00  0.3604E+02
  -8.223  0.2805E+00  0.3606E+02
  -8.123  0.4620E+00  0.3611E+02
  -8.023  0.7353E+00  0.3618E+02
  -7.923  0.1132E+01  0.3630E+02
  -7.823  0.1686E+01  0.3647E+02
  -7.723  0.2434E+01  0.3671E+02
  -7.623  0.3404E+01  0.3705E+02
  -7.523  0.4617E+01  0.3751E+02
  -7.423  0.6077E+01  0.3812E+02
  -7.323  0.7763E+01  0.3890E+02
  -7.223  0.9630E+01  0.3986E+02
  -7.123  0.1160E+02  0.4102E+02
  -7.023  0.1358E+02  0.4238E+02
  -6.923  0.1544E+02  0.4392E+02
  -6.823  0.1706E+02  0.4563E+02
  -6.723  0.1832E+02  0.4746E+02
  -6.623  0.1916E+02  0.4937E+02
  -6.523  0.1952E+02  0.5132E+02
  -6.423  0.1942E+02  0.5327E+02
  -6.323  0.1895E+02  0.5516E+02
  -6.223  0.1822E+02  0.5698E+02
  -6.123  0.1739E+02  0.5872E+02
  -6.023  0.1663E+02  0.6039E+02
  -5.923  0.1607E+02  0.6199E+02
  -5.823  0.1583E+02  0.6358E+02
  -5.723  0.1598E+02  0.6517E+02
  -5.623  0.1651E+02  0.6683E+02
  -5.523  0.1738E+02  0.6856E+02
  -5.423  0.1849E+02  0.7041E+02
  -5.323  0.1973E+02  0.7239E+02
  -5.223  0.2100E+02  0.7449E+02
  -5.123  0.2218E+02  0.7670E+02
  -5.023  0.2320E+02  0.7902E+02
  -4.923  0.2401E+02  0.8142E+02
  -4.823  0.2456E+02  0.8388E+02
  -4.723  0.2484E+02  0.8637E+02
  -4.623  0.2486E+02  0.8885E+02
  -4.523  0.2461E+02  0.9131E+02
  -4.423  0.2412E+02  0.9372E+02
  -4.323  0.2345E+02  0.9607E+02
  -4.223  0.2264E+02  0.9833E+02
  -4.123  0.2179E+02  0.1005E+03
  -4.023  0.2099E+02  0.1026E+03
  -3.923  0.2034E+02  0.1046E+03
  -3.823  0.1991E+02  0.1066E+03
  -3.723  0.1976E+02  0.1086E+03
  -3.623  0.1990E+02  0.1106E+03
  -3.523  0.2031E+02  0.1126E+03
  -3.423  0.2092E+02  0.1147E+03
  -3.323  0.2164E+02  0.1169E+03
  -3.223  0.2237E+02  0.1191E+03
  -3.123  0.2303E+02  0.1214E+03
  -3.023  0.2353E+02  0.1238E+03
  -2.923  0.2384E+02  0.1262E+03
  -2.823  0.2396E+02  0.1286E+03
  -2.723  0.2389E+02  0.1310E+03
  -2.623  0.2369E+02  0.1333E+03
  -2.523  0.2339E+02  0.1357E+03
  -2.423  0.2302E+02  0.1380E+03
  -2.323  0.2261E+02  0.1402E+03
  -2.223  0.2215E+02  0.1424E+03
  -2.123  0.2160E+02  0.1446E+03
  -2.023  0.2093E+02  0.1467E+03
  -1.923  0.2010E+02  0.1487E+03
  -1.823  0.1908E+02  0.1506E+03
  -1.723  0.1786E+02  0.1524E+03
  -1.623  0.1643E+02  0.1540E+03
  -1.523  0.1484E+02  0.1555E+03
  -1.423  0.1312E+02  0.1568E+03
  -1.323  0.1134E+02  0.1580E+03
  -1.223  0.9560E+01  0.1589E+03
  -1.123  0.7856E+01  0.1597E+03
  -1.023  0.6281E+01  0.1603E+03
  -0.923  0.4881E+01  0.1608E+03
  -0.823  0.3682E+01  0.1612E+03
  -0.723  0.2696E+01  0.1615E+03
  -0.623  0.1918E+01  0.1617E+03
  -0.523  0.1334E+01  0.1618E+03
  -0.423  0.9241E+00  0.1619E+03
  -0.323  0.6679E+00  0.1619E+03
  -0.223  0.5514E+00  0.1620E+03
  -0.123  0.5702E+00  0.1621E+03
  -0.023  0.7316E+00  0.1621E+03
   0.077  0.1056E+01  0.1622E+03
   0.177  0.1575E+01  0.1624E+03
   0.277  0.2326E+01  0.1626E+03
   0.377  0.3348E+01  0.1630E+03
   0.477  0.4671E+01  0.1634E+03
   0.577  0.6311E+01  0.1641E+03
   0.677  0.8258E+01  0.1649E+03
   0.777  0.1047E+02  0.1659E+03
   0.877  0.1289E+02  0.1672E+03
   0.977  0.1540E+02  0.1688E+03
   1.077  0.1789E+02  0.1705E+03
   1.177  0.2021E+02  0.1726E+03
   1.277  0.2223E+02  0.1748E+03
   1.377  0.2381E+02  0.1772E+03
   1.477  0.2485E+02  0.1797E+03
   1.577  0.2527E+02  0.1822E+03
   1.677  0.2502E+02  0.1847E+03
   1.777  0.2413E+02  0.1871E+03
   1.877  0.2263E+02  0.1894E+03
   1.977  0.2064E+02  0.1914E+03
   2.077  0.1828E+02  0.1933E+03
   2.177  0.1572E+02  0.1948E+03
   2.277  0.1310E+02  0.1961E+03
   2.377  0.1058E+02  0.1972E+03
   2.477  0.8262E+01  0.1980E+03
   2.577  0.6241E+01  0.1986E+03
   2.677  0.4555E+01  0.1991E+03
   2.777  0.3209E+01  0.1994E+03
   2.877  0.2182E+01  0.1996E+03
   2.977  0.1430E+01  0.1998E+03
   3.077  0.9032E+00  0.1999E+03
   3.177  0.5495E+00  0.1999E+03
   3.277  0.3218E+00  0.2000E+03
   3.377  0.1814E+00  0.2000E+03
   3.477  0.9834E-01  0.2000E+03
   3.577  0.5127E-01  0.2000E+03
   3.677  0.2570E-01  0.2000E+03
   3.777  0.1238E-01  0.2000E+03
   3.877  0.5733E-02  0.2000E+03
   3.977  0.2550E-02  0.2000E+03
   4.077  0.1089E-02  0.2000E+03
   4.177  0.4469E-03  0.2000E+03
   4.277  0.1761E-03  0.2000E+03
