 &plot nbnd= 100, nks=   100 /
            0.000000  0.000000  0.000000
  -15.576  -14.348   -7.018   -3.741   -3.738   -3.128   -2.555   -2.552   -1.249    1.996
    1.997    2.308    2.312    4.463    4.683    5.383    5.771    6.960    8.252    8.334
    9.871    9.877   10.473   11.751   12.149   12.156   12.921   14.954   15.691   15.735
   15.737   15.964   16.387   16.391   18.996   19.236   20.697   21.201   22.858   22.864
   24.423   24.431   24.624   25.088   25.170   25.221   25.223   25.228   25.230   25.769
   25.941   25.947   25.959   26.431   26.478   26.485   26.928   26.963   27.079   27.087
   27.199   27.227   27.234   27.579   27.586   28.141   28.808   28.932   28.940   29.435
   29.778   29.785   29.941   29.964   29.972   30.870   30.876   30.998   31.782   32.088
   32.096   32.391   33.443   33.448   33.674   33.683   33.829   33.908   34.389   35.050
   35.054   35.347   35.513   35.519   36.368   36.681   36.947   36.947   37.586   37.592
            0.013918 -0.008035  0.000000
  -15.573  -14.346   -7.015   -3.745   -3.738   -3.146   -2.561   -2.538   -1.250    1.991
    2.002    2.300    2.304    4.470    4.687    5.396    5.778    6.964    8.268    8.338
    9.865    9.882   10.476   11.761   12.126   12.148   12.920   14.959   15.692   15.743
   15.745   15.968   16.375   16.387   19.004   19.275   20.701   21.197   22.845   22.867
   24.088   24.353   24.808   24.845   25.147   25.148   25.154   25.294   25.355   25.785
   25.950   25.968   25.989   26.383   26.476   26.600   26.643   26.975   27.023   27.049
   27.300   27.325   27.387   27.643   27.693   28.343   28.709   28.832   28.852   29.477
   29.547   29.862   29.905   29.943   30.287   30.842   30.937   31.040   31.905   32.004
   32.025   32.352   33.401   33.498   33.550   33.639   33.911   34.048   34.391   35.070
   35.087   35.345   35.451   35.544   36.383   36.509   36.939   37.182   37.564   37.573
            0.027836 -0.016071  0.000000
  -15.564  -14.341   -7.005   -3.767   -3.729   -3.194   -2.576   -2.503   -1.252    1.975
    2.021    2.265    2.291    4.487    4.699    5.434    5.800    6.975    8.312    8.349
    9.833    9.913   10.485   11.788   12.038   12.146   12.919   14.969   15.630   15.769
   15.837   15.979   16.340   16.376   19.025   19.386   20.714   21.186   22.790   22.893
   23.635   24.189   24.400   24.675   24.993   25.000   25.379   25.385   25.460   25.602
   25.864   25.890   26.178   26.332   26.457   26.556   26.782   26.836   26.991   27.201
   27.218   27.470   27.687   27.918   27.977   28.410   28.673   28.736   28.792   29.125
   29.545   29.766   30.053   30.239   30.330   30.974   31.101   31.134   31.798   31.862
   32.179   32.313   33.043   33.546   33.636   33.665   33.997   34.192   34.414   35.135
   35.185   35.278   35.316   35.631   36.353   36.416   36.924   37.504   37.527   37.535
            0.041753 -0.024106  0.000000
  -15.549  -14.332   -6.988   -3.803   -3.713   -3.264   -2.603   -2.456   -1.256    1.949
    2.052    2.209    2.270    4.516    4.719    5.493    5.839    6.994    8.367    8.385
    9.782    9.965   10.499   11.830   11.905   12.143   12.914   14.973   15.536   15.811
   15.991   15.996   16.282   16.364   19.061   19.560   20.737   21.167   22.698   22.932
   23.164   23.969   23.991   24.382   24.699   24.800   25.208   25.501   25.598   25.649
   25.730   25.815   25.848   26.515   26.582   26.594   26.744   26.911   27.117   27.240
   27.424   27.663   27.796   28.169   28.311   28.399   28.482   28.658   28.754   29.234
   29.599   29.667   30.157   30.275   30.486   31.119   31.283   31.312   31.651   31.762
   32.286   32.393   32.807   33.416   33.640   33.806   34.184   34.185   34.458   35.039
   35.245   35.254   35.321   35.808   36.324   36.437   36.913   37.410   37.524   37.798
            0.055671 -0.032142  0.000000
  -15.528  -14.320   -6.966   -3.852   -3.691   -3.348   -2.638   -2.404   -1.262    1.917
    2.095    2.134    2.242    4.553    4.748    5.567    5.899    7.020    8.391    8.483
    9.717   10.038   10.518   11.741   11.883   12.140   12.905   14.948   15.444   15.869
   15.995   16.202   16.207   16.362   19.112   19.782   20.767   21.136   22.563   22.687
   22.978   23.551   23.782   24.081   24.316   24.605   24.905   25.200   25.526   25.599
   25.741   25.790   26.002   26.474   26.482   26.658   26.982   27.020   27.051   27.502
   27.642   27.781   27.937   28.201   28.382   28.416   28.516   28.649   28.922   29.441
   29.645   29.851   30.044   30.478   30.548   31.025   31.447   31.540   31.593   31.994
   32.163   32.277   33.052   33.272   33.573   33.953   34.113   34.324   34.484   34.796
   35.174   35.356   35.470   36.076   36.401   36.447   36.903   37.296   37.574   37.702
            0.069589 -0.040177  0.000000
  -15.502  -14.304   -6.937   -3.912   -3.663   -3.441   -2.682   -2.355   -1.271    1.881
    2.046    2.148    2.207    4.599    4.784    5.649    5.986    7.054    8.420    8.603
    9.643   10.129   10.538   11.560   11.944   12.139   12.888   14.872   15.388   15.940
   15.980   16.103   16.385   16.459   19.178   20.041   20.806   21.091   22.209   22.365
   23.019   23.178   23.573   23.776   23.903   24.427   24.632   24.748   25.308   25.545
   25.750   25.786   26.004   26.515   26.516   26.618   26.884   27.149   27.216   27.726
   27.761   27.871   27.952   28.139   28.491   28.563   28.616   28.894   29.303   29.343
   29.682   30.034   30.388   30.436   30.572   31.106   31.345   31.656   31.764   32.038
   32.125   32.450   33.135   33.385   33.512   33.972   34.072   34.387   34.497   34.669
   35.150   35.366   35.608   36.365   36.481   36.565   36.875   37.176   37.481   37.680
            0.083507 -0.048213  0.000000
  -15.470  -14.285   -6.903   -3.984   -3.629   -3.540   -2.734   -2.310   -1.283    1.844
    1.949    2.166    2.209    4.651    4.828    5.729    6.106    7.095    8.453    8.738
    9.563   10.239   10.554   11.380   12.008   12.139   12.864   14.741   15.382   15.942
   15.986   16.025   16.437   16.743   19.257   20.321   20.852   21.026   21.739   22.088
   22.865   23.040   23.366   23.460   23.508   24.279   24.320   24.381   25.093   25.348
   25.651   25.788   25.843   26.258   26.696   26.709   27.075   27.223   27.287   27.397
   27.728   27.957   28.267   28.417   28.684   28.726   28.763   28.964   29.394   29.615
   29.743   30.096   30.470   30.561   30.910   31.248   31.329   31.443   31.958   32.117
   32.269   32.729   33.035   33.513   33.536   33.791   34.210   34.418   34.511   34.737
   35.179   35.294   35.707   36.535   36.545   36.775   36.800   37.073   37.380   37.654
            0.097424 -0.056248  0.000000
  -15.432  -14.262   -6.863   -4.065   -3.643   -3.590   -2.793   -2.274   -1.299    1.810
    1.845    2.119    2.279    4.710    4.880    5.806    6.257    7.143    8.489    8.883
    9.484   10.367   10.556   11.221   12.070   12.143   12.831   14.576   15.413   15.854
   15.885   16.121   16.517   17.051   19.347   20.599   20.898   20.925   21.296   21.764
   22.563   23.020   23.125   23.166   23.183   23.933   24.142   24.173   24.891   25.123
   25.471   25.528   25.677   26.167   26.748   26.927   27.065   27.104   27.239   27.451
   27.894   27.956   28.452   28.620   28.751   28.918   28.982   28.996   29.600   29.699
   29.993   30.257   30.368   30.821   30.964   31.430   31.466   31.665   32.075   32.145
   32.482   32.827   33.017   33.510   33.519   33.690   34.387   34.454   34.630   34.897
   35.236   35.247   35.736   36.581   36.605   36.656   36.788   37.015   37.584   37.616
            0.111342 -0.064283  0.000000
  -15.388  -14.236   -6.819   -4.153   -3.749   -3.545   -2.857   -2.247   -1.321    1.739
    1.782    2.069    2.355    4.775    4.939    5.882    6.435    7.198    8.526    9.027
    9.409   10.510   10.530   11.108   12.123   12.152   12.792   14.399   15.465   15.709
   15.816   16.227   16.620   17.377   19.440   20.654   20.761   20.982   21.054   21.459
   22.221   22.764   22.946   22.958   22.972   23.602   23.912   24.102   24.722   24.861
   25.255   25.280   25.342   26.294   26.440   26.854   27.108   27.162   27.273   27.659
   27.896   28.242   28.498   28.519   28.601   29.058   29.259   29.408   29.794   29.876
   30.040   30.263   30.703   30.713   31.060   31.706   31.930   31.999   32.079   32.252
   32.592   32.766   33.118   33.228   33.484   33.992   34.378   34.507   34.806   35.074
   35.336   35.378   35.672   36.455   36.486   36.638   36.807   37.020   37.570   37.946
            0.125260 -0.072319  0.000000
  -15.339  -14.207   -6.770   -4.247   -3.858   -3.494   -2.926   -2.232   -1.349    1.635
    1.762    2.015    2.436    4.845    5.005    5.958    6.632    7.259    8.563    9.155
    9.343   10.471   10.667   11.062   12.158   12.167   12.754   14.220   15.532   15.551
   15.739   16.340   16.742   17.714   19.513   20.269   20.516   21.082   21.219   21.228
   21.865   22.386   22.786   22.802   22.824   23.338   23.684   24.023   24.553   24.621
   24.970   25.049   25.089   26.081   26.450   26.591   27.161   27.187   27.364   27.834
   27.921   28.447   28.452   28.458   28.529   29.295   29.426   29.821   29.911   29.943
   30.178   30.190   30.876   30.889   31.405   31.996   32.046   32.207   32.372   32.454
   32.601   32.757   32.945   33.314   33.526   34.220   34.362   34.636   34.856   35.231
   35.419   35.522   35.722   36.235   36.402   36.661   36.857   37.077   37.585   37.821
            0.139178 -0.080354  0.000000
  -15.286  -14.175   -6.719   -4.345   -3.969   -3.439   -2.999   -2.229   -1.385    1.535
    1.754    1.959    2.520    4.920    5.079    6.036    6.840    7.326    8.597    9.242
    9.291   10.413   10.837   11.070   12.163   12.190   12.728   14.049   15.385   15.611
   15.659   16.459   16.879   18.056   19.507   19.835   20.260   20.997   21.152   21.418
   21.570   22.030   22.608   22.666   22.673   23.153   23.455   23.894   24.219   24.610
   24.674   24.812   24.902   25.743   26.331   26.601   26.999   27.260   27.486   27.769
   27.805   28.462   28.512   28.569   28.766   29.407   29.539   29.818   30.015   30.108
   30.336   30.487   30.970   31.262   31.817   31.876   32.215   32.411   32.454   32.491
   32.709   32.892   33.035   33.553   33.658   34.261   34.406   34.861   34.909   35.314
   35.319   35.502   36.041   36.059   36.385   36.730   36.945   37.157   37.604   37.672
            0.153095 -0.088390  0.000000
  -15.227  -14.140   -6.666   -4.446   -4.082   -3.379   -3.074   -2.237   -1.429    1.445
    1.758    1.901    2.607    5.001    5.159    6.118    7.053    7.397    8.628    9.258
    9.263   10.403   11.019   11.113   12.129   12.221   12.725   13.891   15.212   15.578
   15.700   16.582   17.030   18.389   19.321   19.417   20.101   20.743   21.186   21.401
   21.412   21.832   22.439   22.487   22.545   23.076   23.222   23.722   23.896   24.366
   24.613   24.658   24.722   25.439   26.085   26.669   26.895   27.326   27.498   27.522
   27.603   28.593   28.705   28.775   28.821   29.474   29.596   29.697   30.176   30.394
   30.706   30.786   31.057   31.577   31.756   31.990   32.306   32.334   32.356   32.830
   32.830   33.034   33.458   33.800   33.929   34.225   34.504   35.011   35.028   35.081
   35.258   35.659   36.016   36.201   36.410   36.879   37.088   37.235   37.618   37.621
            0.167013 -0.096425  0.000000
  -15.163  -14.102   -6.612   -4.547   -4.196   -3.315   -3.151   -2.257   -1.481    1.364
    1.776    1.844    2.695    5.086    5.245    6.204    7.258    7.473    8.662    9.208
    9.244   10.460   11.174   11.209   12.059   12.262   12.741   13.753   15.033   15.497
   15.798   16.708   17.192   18.621   18.982   19.105   19.934   20.561   20.952   21.335
   21.419   21.774   22.279   22.295   22.398   22.992   23.128   23.530   23.611   24.048
   24.438   24.549   24.717   25.176   25.869   26.536   26.926   27.300   27.317   27.429
   27.435   28.696   28.810   28.830   28.950   29.497   29.718   29.779   30.424   30.710
   31.028   31.056   31.168   31.565   31.691   31.812   32.117   32.544   32.669   33.059
   33.100   33.169   33.824   34.011   34.159   34.299   34.686   34.869   35.064   35.073
   35.229   35.825   36.097   36.261   36.525   36.951   37.221   37.299   37.623   37.809
            0.180931 -0.104461  0.000000
  -15.095  -14.062   -6.559   -4.646   -4.311   -3.247   -3.230   -2.286   -1.542    1.297
    1.787    1.806    2.783    5.177    5.338    6.294    7.444    7.550    8.705    9.100
    9.252   10.568   11.246   11.405   11.967   12.313   12.768   13.640   14.853   15.420
   15.903   16.834   17.360   18.419   18.585   19.225   19.622   20.525   20.580   21.334
   21.519   21.671   22.096   22.128   22.213   22.794   23.274   23.330   23.367   23.728
   24.280   24.385   24.739   24.963   25.712   26.347   26.803   27.036   27.323   27.327
   27.486   28.529   28.758   29.025   29.067   29.628   29.905   30.018   30.685   31.030
   31.110   31.304   31.309   31.390   31.608   31.790   31.891   32.851   32.999   33.180
   33.360   33.384   34.009   34.083   34.200   34.689   34.786   34.837   34.954   35.153
   35.481   35.863   36.215   36.356   36.812   36.947   37.262   37.349   37.630   38.166
            0.194849 -0.112496  0.000000
  -15.023  -14.019   -6.510   -4.742   -4.428   -3.308   -3.175   -2.325   -1.610    1.244
    1.732    1.849    2.869    5.272    5.436    6.387    7.593    7.625    8.768    8.968
    9.280   10.695   11.326   11.603   11.866   12.376   12.796   13.560   14.675   15.349
   16.014   16.958   17.527   18.039   18.176   19.238   19.492   20.223   20.525   21.377
   21.501   21.659   21.893   21.988   21.993   22.651   23.129   23.163   23.379   23.471
   24.138   24.229   24.685   24.818   25.639   26.139   26.586   26.745   27.203   27.459
   27.551   28.371   28.593   29.007   29.331   29.867   30.094   30.324   30.895   31.021
   31.043   31.313   31.383   31.534   31.639   31.721   32.041   32.967   33.171   33.489
   33.532   33.572   33.946   34.184   34.273   34.653   34.909   35.096   35.136   35.396
   35.727   35.837   36.321   36.580   37.002   37.123   37.304   37.393   37.656   38.531
            0.208767 -0.120531  0.000000
  -14.947  -13.974   -6.466   -4.832   -4.546   -3.386   -3.101   -2.370   -1.685    1.205
    1.680    1.903    2.954    5.371    5.539    6.485    7.694    7.696    8.835    8.849
    9.334   10.819   11.413   11.770   11.799   12.450   12.817   13.518   14.503   15.288
   16.128   17.079   17.609   17.649   17.848   18.836   19.548   20.080   20.488   21.328
   21.414   21.688   21.794   21.799   21.857   22.561   22.931   22.996   23.098   23.555
   24.011   24.083   24.555   24.770   25.642   25.905   26.390   26.450   27.080   27.601
   27.612   28.237   28.426   28.952   29.574   30.090   30.279   30.601   30.739   30.940
   31.010   31.246   31.358   31.786   31.821   31.849   32.336   33.051   33.109   33.669
   33.672   33.734   33.753   34.354   34.583   34.602   35.118   35.171   35.376   35.630
   35.944   36.059   36.389   36.889   37.097   37.219   37.446   37.700   37.722   38.776
            0.222684 -0.128567  0.000000
  -14.867  -13.928   -6.431   -4.914   -4.664   -3.463   -3.025   -2.421   -1.763    1.181
    1.631    1.968    3.036    5.473    5.645    6.586    7.749    7.750    8.721    8.930
    9.426   10.917   11.512   11.691   11.984   12.536   12.825   13.521   14.345   15.241
   16.238   17.195   17.275   17.285   17.909   18.449   19.251   20.256   20.388   21.162
   21.321   21.482   21.736   21.767   21.932   22.497   22.738   22.834   22.881   23.559
   23.901   23.946   24.381   24.835   25.645   25.681   26.160   26.239   26.959   27.660
   27.716   28.134   28.287   28.906   29.753   30.120   30.366   30.632   30.767   30.871
   30.975   31.281   31.302   32.021   32.077   32.117   32.601   33.008   33.097   33.558
   33.632   33.804   33.825   34.721   34.725   34.909   35.141   35.337   35.524   35.750
   36.141   36.411   36.599   37.070   37.172   37.523   37.626   37.842   38.125   38.825
            0.236602 -0.136602  0.000000
  -14.784  -13.879   -6.407   -4.986   -4.783   -3.539   -2.948   -2.475   -1.844    1.172
    1.585    2.040    3.114    5.579    5.755    6.690    7.765    7.777    8.644    8.983
    9.565   10.977   11.626   11.639   12.147   12.635   12.819   13.571   14.213   15.211
   16.315   16.880   16.949   17.303   17.887   18.230   18.884   20.226   20.398   21.072
   21.140   21.276   21.624   21.851   22.017   22.427   22.552   22.665   22.838   23.477
   23.816   23.819   24.192   24.975   25.371   25.721   25.878   26.129   26.843   27.673
   27.783   28.064   28.205   28.895   29.814   29.886   30.291   30.712   30.764   30.890
   30.921   31.411   31.422   32.182   32.349   32.426   32.741   32.962   33.028   33.537
   33.563   33.938   33.944   34.832   34.953   35.212   35.353   35.528   35.539   36.019
   36.335   36.392   36.960   37.357   37.456   37.638   38.015   38.069   38.403   38.826
            0.250520 -0.144638  0.000000
  -14.699  -13.830   -6.398   -5.045   -4.903   -3.613   -2.869   -2.531   -1.923    1.175
    1.545    2.120    3.188    5.687    5.865    6.797    7.750    7.769    8.618    9.001
    9.739   10.996   11.621   11.754   12.272   12.745   12.799   13.665   14.124   15.200
   16.253   16.477   16.777   17.404   17.553   18.325   18.515   20.012   20.350   20.968
   21.073   21.139   21.522   21.934   21.952   22.360   22.374   22.695   22.851   23.351
   23.702   23.769   24.003   25.099   25.134   25.614   25.744   26.051   26.733   27.627
   27.788   28.023   28.205   28.930   29.598   29.737   30.103   30.542   30.878   30.924
   31.003   31.572   31.576   32.324   32.545   32.708   32.713   32.910   33.043   33.575
   33.728   34.057   34.163   34.726   35.219   35.288   35.719   35.742   35.757   36.204
   36.350   36.548   37.175   37.720   37.797   37.932   38.232   38.387   38.440   38.948
            0.264438 -0.152673  0.000000
  -14.612  -13.779   -6.404   -5.092   -5.022   -3.684   -2.791   -2.588   -1.999    1.191
    1.509    2.203    3.258    5.795    5.975    6.903    7.713    7.730    8.643    8.993
    9.926   10.980   11.641   11.893   12.338   12.772   12.868   13.797   14.096   15.206
   15.998   16.085   16.811   17.174   17.494   18.159   18.452   19.774   20.169   20.822
   20.873   21.275   21.430   21.794   21.947   22.205   22.358   22.863   22.864   23.227
   23.595   23.775   23.820   24.842   25.261   25.387   25.742   26.002   26.632   27.526
   27.734   28.001   28.283   29.000   29.321   29.565   29.869   30.350   30.819   31.062
   31.146   31.675   31.700   32.335   32.650   32.658   32.924   32.957   33.254   33.728
   34.020   34.217   34.284   34.727   35.250   35.484   35.881   36.013   36.082   36.312
   36.385   36.791   37.496   37.888   37.997   38.162   38.482   38.625   38.736   39.094
            0.278355 -0.160709  0.000000
  -14.522  -13.727   -6.427   -5.141   -5.126   -3.753   -2.713   -2.644   -2.066    1.217
    1.480    2.290    3.323    5.904    6.082    7.007    7.659    7.674    8.707    8.975
   10.104   10.939   11.692   12.037   12.334   12.750   13.003   13.955   14.141   15.217
   15.689   15.718   16.801   16.904   17.573   17.833   18.543   19.542   19.941   20.678
   20.701   21.322   21.346   21.702   21.879   22.047   22.440   22.841   22.924   23.268
   23.499   23.648   23.826   24.621   25.145   25.396   25.716   25.982   26.538   27.390
   27.633   27.979   28.414   29.075   29.086   29.339   29.616   30.165   30.746   31.176
   31.252   31.700   31.787   32.176   32.647   32.741   33.128   33.204   33.525   34.003
   34.181   34.336   34.430   34.965   35.223   35.698   36.040   36.066   36.330   36.349
   36.741   37.031   37.804   37.960   38.088   38.228   38.757   38.890   39.187   39.376
            0.292273 -0.168744  0.000000
  -14.432  -13.676   -6.466   -5.258   -5.150   -3.819   -2.697   -2.637   -2.124    1.254
    1.456    2.377    3.383    6.012    6.182    7.097    7.600    7.618    8.795    8.957
   10.259   10.882   11.759   12.181   12.264   12.752   13.148   14.126   14.256   15.149
   15.389   15.455   16.442   16.960   17.580   17.641   18.556   19.360   19.696   20.490
   20.607   21.192   21.269   21.764   21.777   21.899   22.548   22.791   22.796   23.411
   23.488   23.506   23.868   24.478   24.989   25.452   25.669   25.993   26.453   27.234
   27.493   27.936   28.558   28.890   29.082   29.172   29.358   30.006   30.669   31.264
   31.290   31.674   31.854   31.978   32.737   32.801   33.381   33.474   33.824   34.044
   34.347   34.647   34.669   35.239   35.267   35.786   36.053   36.215   36.481   36.561
   37.149   37.209   37.742   38.006   38.365   38.467   39.038   39.050   39.466   39.975
            0.306191 -0.176779  0.000000
  -14.342  -13.624   -6.518   -5.373   -5.168   -3.882   -2.749   -2.563   -2.169    1.298
    1.439    2.463    3.438    6.115    6.272    7.148    7.562    7.577    8.896    8.951
   10.380   10.816   11.823   12.144   12.322   12.800   13.304   14.282   14.423   14.871
   15.129   15.417   16.112   16.870   17.498   17.696   18.454   19.262   19.446   20.311
   20.546   20.999   21.199   21.669   21.762   21.862   22.565   22.642   22.810   23.333
   23.341   23.738   23.838   24.451   24.912   25.469   25.606   26.041   26.376   27.070
   27.323   27.851   28.557   28.806   28.912   29.079   29.270   29.884   30.599   31.270
   31.291   31.634   31.833   31.916   32.839   32.901   33.512   33.766   34.052   34.131
   34.727   34.889   34.940   35.320   35.561   35.767   36.062   36.424   36.727   36.751
   37.324   37.359   37.765   38.035   38.680   38.735   39.190   39.356   39.851   39.985
            0.320109 -0.184815  0.000000
  -14.251  -13.573   -6.580   -5.485   -5.181   -3.941   -2.797   -2.491   -2.200    1.350
    1.428    2.546    3.489    6.213    6.348    7.119    7.560    7.589    8.964    9.004
   10.462   10.749   11.872   11.993   12.455   12.897   13.468   14.349   14.541   14.624
   14.981   15.411   15.854   16.649   17.572   17.738   18.262   19.202   19.223   20.143
   20.519   20.795   21.135   21.565   21.635   21.934   22.449   22.497   22.925   23.206
   23.264   23.770   23.875   24.499   24.956   25.456   25.532   26.128   26.309   26.917
   27.130   27.712   28.420   28.521   28.816   29.116   29.352   29.804   30.540   31.188
   31.219   31.606   31.825   31.968   32.866   33.102   33.423   34.069   34.295   34.412
   35.075   35.123   35.212   35.439   35.715   35.814   36.158   36.677   36.831   37.077
   37.196   37.443   38.046   38.156   38.825   39.060   39.423   39.668   40.077   40.207
            0.334026 -0.192850  0.000000
  -14.162  -13.522   -6.650   -5.593   -5.194   -3.997   -2.842   -2.424   -2.216    1.408
    1.423    2.625    3.534    6.298    6.409    7.019    7.571    7.682    8.998    9.111
   10.498   10.686   11.824   11.916   12.572   13.018   13.640   14.226   14.251   14.846
   15.017   15.278   15.771   16.405   17.692   17.768   18.032   18.972   19.200   19.987
   20.524   20.590   21.076   21.466   21.520   21.956   22.286   22.381   23.027   23.085
   23.203   23.746   23.897   24.549   25.085   25.449   25.451   26.240   26.250   26.803
   26.933   27.523   28.234   28.277   28.556   29.354   29.442   29.760   30.494   30.993
   31.159   31.604   31.921   31.996   32.907   33.274   33.308   34.374   34.610   34.620
   35.247   35.461   35.470   35.559   35.726   35.997   36.369   36.877   36.972   37.009
   37.429   37.608   38.094   38.592   38.881   39.293   39.683   39.981   40.274   40.448
            0.347944 -0.200886  0.000000
  -14.075  -13.474   -6.724   -5.698   -5.209   -4.048   -2.883   -2.360   -2.217    1.424
    1.471    2.698    3.574    6.358    6.454    6.898    7.611    7.809    9.050    9.212
   10.490   10.634   11.647   11.972   12.665   13.104   13.818   13.959   14.073   15.065
   15.076   15.139   15.821   16.193   17.786   17.796   17.809   18.773   19.173   19.846
   20.386   20.549   21.020   21.372   21.415   21.911   22.103   22.310   22.976   23.069
   23.150   23.813   23.851   24.574   25.125   25.360   25.554   26.199   26.322   26.762
   26.786   27.296   27.952   28.149   28.311   29.543   29.595   29.737   30.459   30.772
   31.100   31.633   31.979   32.048   32.981   33.134   33.498   34.673   34.730   34.917
   35.335   35.500   35.729   35.777   36.058   36.086   36.559   36.921   36.971   37.296
   37.780   37.797   38.249   38.872   38.997   39.410   39.879   40.285   40.513   40.540
            0.361862 -0.208921  0.000000
  -13.990  -13.427   -6.800   -5.796   -5.226   -4.096   -2.920   -2.302   -2.205    1.431
    1.537    2.765    3.610    6.359    6.488    6.813    7.676    7.955    9.116    9.302
   10.446   10.599   11.468   12.048   12.715   13.066   13.780   13.903   14.000   14.891
   15.234   15.309   15.907   16.064   17.575   17.792   17.885   18.634   19.142   19.720
   20.183   20.581   20.968   21.280   21.321   21.817   21.916   22.269   22.880   23.064
   23.102   23.777   23.951   24.572   25.042   25.264   25.729   26.155   26.256   26.793
   26.827   27.046   27.682   28.042   28.096   29.655   29.722   29.808   30.438   30.566
   31.049   31.695   31.910   32.166   33.034   33.094   33.663   34.739   34.946   35.170
   35.357   35.470   35.998   36.045   36.093   36.498   36.593   37.021   37.247   37.622
   37.936   38.175   38.525   38.852   39.202   39.528   39.874   40.450   40.568   40.624
            0.375780 -0.216957  0.000000
  -13.909  -13.382   -6.876   -5.889   -5.245   -4.140   -2.953   -2.248   -2.180    1.442
    1.607    2.823    3.641    6.268    6.517    6.806    7.757    8.114    9.187    9.375
   10.385   10.585   11.294   12.138   12.707   12.894   13.651   13.777   14.183   14.818
   15.231   15.538   15.998   16.066   17.384   17.788   17.880   18.593   19.113   19.611
   19.983   20.607   20.918   21.181   21.238   21.707   21.741   22.229   22.797   23.043
   23.059   23.688   24.100   24.565   24.916   25.162   25.873   26.088   26.117   26.791
   26.883   26.993   27.428   27.943   27.975   29.709   29.775   29.919   30.436   30.451
   31.007   31.784   31.801   32.246   32.989   33.235   33.798   34.648   35.117   35.312
   35.361   35.533   36.091   36.190   36.281   36.790   36.960   37.194   37.634   37.901
   38.100   38.558   38.873   38.887   39.092   39.656   39.698   40.489   40.775   40.810
            0.389698 -0.224992  0.000000
  -13.833  -13.340   -6.949   -5.975   -5.267   -4.179   -2.982   -2.200   -2.146    1.457
    1.678    2.874    3.669    6.116    6.543    6.856    7.848    8.282    9.250    9.429
   10.330   10.595   11.128   12.201   12.636   12.693   13.485   13.700   14.365   14.843
   15.150   15.756   16.082   16.176   17.240   17.775   17.799   18.648   19.095   19.520
   19.788   20.617   20.870   21.063   21.165   21.596   21.598   22.177   22.727   23.021
   23.023   23.588   24.180   24.607   24.777   25.051   25.913   25.986   26.084   26.543
   26.925   27.182   27.194   27.897   27.992   29.692   29.825   29.887   30.464   30.522
   30.974   31.667   31.893   32.284   32.995   33.386   33.904   34.477   35.130   35.309
   35.328   35.757   36.155   36.286   36.571   37.156   37.430   37.434   38.041   38.069
   38.288   38.878   38.938   39.058   39.195   39.393   39.704   40.710   40.925   40.989
            0.403615 -0.233027  0.000000
  -13.763  -13.302   -7.019   -6.052   -5.291   -4.214   -3.007   -2.157   -2.106    1.475
    1.750    2.916    3.692    5.943    6.572    6.928    7.941    8.455    9.290    9.466
   10.307   10.629   10.973   12.124   12.518   12.619   13.279   13.653   14.543   14.902
   15.058   15.960   16.161   16.327   17.157   17.691   17.753   18.748   19.095   19.447
   19.600   20.606   20.824   20.922   21.103   21.488   21.501   22.112   22.669   22.986
   23.005   23.478   24.159   24.642   24.720   24.930   25.762   26.054   26.096   26.315
   26.886   26.987   27.284   27.967   28.156   29.625   29.673   29.969   30.536   30.678
   30.949   31.528   32.013   32.308   33.012   33.531   33.988   34.251   35.083   35.212
   35.258   36.047   36.276   36.445   36.846   37.564   37.707   37.917   38.144   38.423
   38.507   38.648   38.935   39.302   39.369   39.659   39.682   40.942   41.039   41.088
            0.417533 -0.241063  0.000000
  -13.699  -13.268   -7.083   -6.122   -5.314   -4.244   -3.029   -2.121   -2.062    1.494
    1.821    2.951    3.712    5.771    6.603    7.009    8.028    8.625    9.304    9.490
   10.335   10.681   10.832   11.895   12.377   12.667   13.085   13.609   14.714   14.926
   14.990   16.145   16.248   16.474   17.133   17.598   17.726   18.856   19.120   19.393
   19.425   20.564   20.777   20.782   21.050   21.405   21.416   22.037   22.624   22.955
   22.981   23.362   24.099   24.519   24.797   24.836   25.646   26.026   26.116   26.220
   26.808   26.816   27.288   28.108   28.433   29.413   29.653   30.002   30.657   30.828
   30.932   31.402   32.137   32.352   32.999   33.646   34.005   34.052   35.024   35.091
   35.173   36.356   36.419   36.662   37.067   37.949   37.989   38.225   38.386   38.403
   38.555   38.784   38.802   39.620   39.683   39.754   40.047   41.070   41.115   41.119
            0.431451 -0.249098  0.000000
  -13.643  -13.238   -7.140   -6.182   -5.336   -4.270   -3.047   -2.090   -2.019    1.513
    1.888    2.979    3.728    5.608    6.635    7.091    8.103    8.769    9.313    9.509
   10.417   10.708   10.742   11.624   12.236   12.608   13.045   13.551   14.871   14.881
   14.959   16.307   16.358   16.592   17.153   17.541   17.694   18.950   19.175   19.276
   19.355   20.471   20.664   20.743   21.007   21.330   21.346   21.958   22.591   22.927
   22.940   23.245   24.057   24.410   24.657   24.905   25.560   25.953   25.996   26.361
   26.662   26.771   27.253   28.274   28.692   29.266   29.632   29.983   30.799   30.921
   30.946   31.320   32.256   32.429   32.936   33.624   33.852   34.102   34.965   34.980
   35.097   36.568   36.673   36.909   37.192   38.087   38.128   38.337   38.362   38.391
   38.880   39.078   39.082   39.843   39.854   40.165   40.321   41.107   41.150   41.189
            0.445369 -0.257134  0.000000
  -13.596  -13.213   -7.188   -6.231   -5.356   -4.291   -3.061   -2.065   -1.978    1.531
    1.949    2.999    3.741    5.463    6.668    7.171    8.164    8.847    9.375    9.528
   10.540   10.604   10.802   11.351   12.109   12.402   13.173   13.481   14.770   14.957
   15.012   16.442   16.486   16.667   17.194   17.530   17.660   18.990   19.187   19.263
   19.332   20.341   20.584   20.709   20.974   21.253   21.290   21.882   22.569   22.879
   22.903   23.135   24.060   24.318   24.515   24.908   25.492   25.826   25.966   26.517
   26.549   26.779   27.210   28.443   28.706   29.377   29.614   29.915   30.915   30.916
   31.029   31.321   32.363   32.519   32.841   33.397   33.869   34.141   34.888   34.912
   35.044   36.699   36.991   37.154   37.227   37.870   37.928   38.533   38.541   38.649
   39.297   39.366   39.410   39.957   40.127   40.413   40.568   41.096   41.259   41.328
            0.459286 -0.265169  0.000000
  -13.558  -13.193   -7.227   -6.271   -5.372   -4.308   -3.072   -2.045   -1.944    1.546
    2.001    3.015    3.751    5.342    6.699    7.244    8.208    8.844    9.520    9.549
   10.521   10.672   10.854   11.103   12.005   12.162   13.351   13.408   14.614   14.973
   15.130   16.548   16.614   16.702   17.237   17.554   17.628   18.939   19.196   19.320
   19.381   20.215   20.507   20.681   20.949   21.174   21.247   21.816   22.558   22.808
   22.883   23.040   24.115   24.245   24.385   24.852   25.436   25.733   25.935   26.468
   26.677   26.831   27.175   28.537   28.607   29.598   29.660   29.805   30.912   30.979
   31.089   31.417   32.454   32.499   32.836   33.155   33.878   34.170   34.811   34.867
   35.020   36.775   37.212   37.303   37.343   37.670   37.815   38.649   38.742   38.957
   39.452   39.677   39.679   40.179   40.365   40.419   40.914   41.164   41.425   41.473
            0.473204 -0.273205  0.000000
  -13.530  -13.178   -7.255   -6.299   -5.384   -4.320   -3.080   -2.031   -1.918    1.558
    2.041    3.025    3.758    5.252    6.723    7.303    8.237    8.805    9.570    9.718
   10.460   10.672   10.891   11.013   11.924   11.931   13.344   13.542   14.434   14.994
   15.219   16.624   16.713   16.723   17.270   17.591   17.602   18.872   19.231   19.316
   19.516   20.117   20.416   20.660   20.933   21.104   21.216   21.766   22.553   22.744
   22.869   22.965   24.191   24.211   24.278   24.750   25.392   25.671   25.908   26.416
   26.823   26.901   27.156   28.352   28.760   29.587   29.670   29.933   30.911   31.018
   31.141   31.546   32.341   32.522   32.948   32.950   33.861   34.191   34.745   34.834
   35.020   36.765   37.184   37.401   37.595   37.598   37.818   38.750   38.938   39.263
   39.326   39.710   39.846   40.576   40.604   40.605   41.110   41.431   41.552   41.555
            0.487122 -0.281240  0.000000
  -13.514  -13.170   -7.273   -6.317   -5.392   -4.327   -3.085   -2.023   -1.901    1.565
    2.067    3.031    3.763    5.195    6.740    7.343    8.252    8.769    9.586    9.935
   10.423   10.471   10.911   11.140   11.709   11.887   13.301   13.728   14.253   15.010
   15.276   16.669   16.714   16.796   17.290   17.584   17.621   18.828   19.255   19.315
   19.636   20.064   20.318   20.647   20.923   21.056   21.198   21.735   22.552   22.701
   22.859   22.918   24.159   24.208   24.335   24.621   25.364   25.635   25.889   26.387
   26.923   26.957   27.162   28.207   28.888   29.543   29.579   30.127   30.911   31.046
   31.190   31.650   32.183   32.565   32.807   33.053   33.837   34.203   34.695   34.812
   35.029   36.711   37.161   37.377   37.608   37.831   37.874   38.868   39.130   39.149
   39.506   39.556   39.794   40.921   40.944   41.056   41.122   41.592   41.639   41.768
            0.501040 -0.289275  0.000000
  -13.508  -13.167   -7.279   -6.322   -5.394   -4.329   -3.087   -2.020   -1.895    1.568
    2.076    3.033    3.764    5.176    6.745    7.357    8.257    8.756    9.592   10.090
   10.312   10.410   10.918   11.237   11.592   11.873   13.286   13.835   14.146   15.016
   15.295   16.685   16.713   16.822   17.296   17.577   17.632   18.813   19.263   19.315
   19.688   20.055   20.266   20.643   20.920   21.039   21.191   21.725   22.552   22.685
   22.856   22.902   24.148   24.183   24.453   24.502   25.355   25.623   25.882   26.378
   26.955   26.979   27.173   28.150   28.946   29.484   29.577   30.197   30.911   31.057
   31.215   31.691   32.115   32.580   32.755   33.094   33.826   34.208   34.676   34.805
   35.033   36.685   37.153   37.361   37.621   37.898   37.930   38.932   39.065   39.279
   39.407   39.604   39.733   41.092   41.167   41.225   41.303   41.520   41.619   41.753
            0.493092 -0.303041  0.000000
  -13.507  -13.166   -7.275   -6.324   -5.393   -4.332   -3.085   -2.081   -1.849    1.569
    2.078    3.041    3.745    5.179    6.771    7.370    8.258    8.760    9.595   10.092
   10.287   10.417   10.921   11.243   11.604   11.876   13.287   13.836   14.154   14.998
   15.288   16.566   16.699   16.936   17.312   17.491   17.680   18.835   19.110   19.308
   19.832   20.065   20.285   20.451   20.552   21.390   21.437   21.731   22.226   22.555
   23.016   23.165   24.098   24.200   24.460   24.540   25.209   25.815   25.894   26.201
   26.978   27.011   27.307   28.147   28.867   29.404   29.724   30.157   30.859   31.060
   31.224   31.730   32.169   32.364   32.889   33.111   33.876   34.192   34.551   34.718
   35.318   36.580   37.183   37.314   37.696   37.730   38.104   38.701   39.158   39.265
   39.386   39.716   39.791   40.774   40.902   41.160   41.316   41.575   41.607   41.778
            0.485145 -0.316807  0.000000
  -13.503  -13.163   -7.264   -6.330   -5.389   -4.340   -3.082   -2.191   -1.780    1.570
    2.085    3.066    3.690    5.190    6.847    7.409    8.261    8.774    9.603   10.095
   10.225   10.433   10.930   11.258   11.636   11.883   13.291   13.836   14.177   14.942
   15.271   16.402   16.649   17.083   17.361   17.364   17.716   18.769   18.879   19.427
   19.943   20.038   20.126   20.146   20.505   21.683   21.767   21.806   21.940   22.249
   23.381   23.401   23.911   24.354   24.444   24.625   25.047   25.856   25.962   26.111
   26.984   27.049   27.622   28.145   28.677   29.356   29.933   30.025   30.782   31.067
   31.228   31.805   32.084   32.270   32.992   33.187   33.898   34.152   34.364   34.832
   35.693   36.379   37.143   37.195   37.631   37.879   38.173   38.544   38.917   39.360
   39.415   39.849   39.997   40.388   40.518   40.770   41.182   41.389   41.537   41.641
            0.477197 -0.330572  0.000000
  -13.496  -13.157   -7.245   -6.339   -5.382   -4.352   -3.077   -2.320   -1.718    1.571
    2.098    3.107    3.606    5.208    6.967    7.472    8.267    8.795    9.617   10.063
   10.173   10.456   10.945   11.281   11.685   11.896   13.298   13.836   14.215   14.846
   15.253   16.240   16.540   17.201   17.245   17.458   17.736   18.411   18.909   19.528
   19.590   19.950   20.014   20.171   20.718   21.472   21.675   21.811   22.260   22.378
   23.532   23.637   23.809   24.410   24.564   24.714   24.965   25.569   26.017   26.372
   27.036   27.079   27.925   28.188   28.448   29.335   29.805   30.137   30.757   31.075
   31.217   31.625   32.123   32.327   33.017   33.353   33.699   34.100   34.482   34.983
   36.053   36.188   36.883   37.157   37.579   38.048   38.060   38.626   38.688   39.306
   39.475   39.885   40.026   40.076   40.348   40.425   40.860   41.083   41.444   41.472
            0.469249 -0.344338  0.000000
  -13.487  -13.150   -7.219   -6.353   -5.372   -4.368   -3.071   -2.465   -1.665    1.569
    2.117    3.162    3.500    5.233    7.124    7.559    8.274    8.820    9.637    9.962
   10.182   10.485   10.965   11.310   11.744   11.913   13.305   13.833   14.266   14.715
   15.238   16.088   16.366   17.165   17.279   17.571   17.747   18.077   18.865   19.160
   19.456   20.008   20.068   20.244   20.878   21.192   21.386   21.832   22.580   22.847
   23.378   23.645   24.129   24.387   24.693   24.796   24.982   25.415   26.118   26.494
   27.114   27.217   28.005   28.223   28.439   29.321   29.541   30.303   30.789   31.065
   31.194   31.377   32.327   32.328   32.943   33.527   33.542   34.092   34.681   35.137
   36.057   36.274   36.702   37.071   37.458   37.996   38.105   38.550   38.744   39.155
   39.525   39.683   39.703   39.936   40.061   40.497   40.613   40.851   41.294   41.336
            0.461302 -0.358104  0.000000
  -13.476  -13.141   -7.186   -6.370   -5.360   -4.385   -3.065   -2.622   -1.620    1.564
    2.143    3.223    3.388    5.264    7.310    7.667    8.283    8.841    9.661    9.843
   10.214   10.522   10.992   11.344   11.810   11.936   13.313   13.825   14.328   14.560
   15.225   15.948   16.143   17.110   17.284   17.586   17.748   17.920   18.685   18.736
   19.426   19.969   20.331   20.331   20.681   21.053   21.269   21.887   22.896   23.071
   23.325   23.730   24.295   24.494   24.615   24.847   25.134   25.534   26.261   26.467
   27.155   27.515   27.978   28.033   28.724   29.303   29.308   30.364   30.866   30.984
   31.166   31.332   32.305   32.413   32.878   33.506   33.563   34.274   34.857   35.249
   36.021   36.068   36.894   36.936   37.268   37.995   38.069   38.454   38.755   38.956
   39.393   39.428   39.534   39.695   40.036   40.226   40.434   40.847   41.053   41.231
            0.453354 -0.371869  0.000000
  -13.462  -13.131   -7.146   -6.391   -5.347   -4.403   -3.061   -2.790   -1.582    1.553
    2.176    3.209    3.354    5.300    7.519    7.792    8.294    8.843    9.691    9.740
   10.258   10.567   11.025   11.385   11.879   11.962   13.319   13.811   14.391   14.399
   15.212   15.824   15.894   17.061   17.067   17.574   17.734   17.996   18.339   18.437
   19.470   19.878   20.351   20.478   20.608   20.757   21.443   21.964   22.769   23.135
   23.737   23.767   24.349   24.561   24.677   24.866   25.422   25.758   26.377   26.460
   27.200   27.704   27.929   28.030   28.759   29.273   29.314   30.281   30.919   30.979
   31.145   31.467   32.198   32.287   33.038   33.423   33.609   34.609   34.982   35.297
   35.723   36.087   36.762   36.941   37.295   37.852   38.179   38.250   38.527   38.806
   39.161   39.256   39.299   39.705   39.730   40.243   40.282   40.650   40.818   40.956
            0.445407 -0.385635  0.000000
  -13.446  -13.119   -7.098   -6.416   -5.331   -4.419   -3.058   -2.966   -1.548    1.534
    2.217    3.089    3.435    5.342    7.744    7.931    8.307    8.808    9.681    9.726
   10.313   10.620   11.065   11.430   11.950   11.993   13.319   13.789   14.218   14.476
   15.196   15.634   15.717   16.723   17.001   17.636   17.684   17.843   18.218   18.232
   19.505   19.693   20.148   20.469   20.581   20.939   21.595   22.066   22.466   23.215
   23.665   24.123   24.486   24.718   24.841   24.859   25.773   25.950   26.297   26.717
   27.249   27.590   27.880   28.353   28.560   29.227   29.536   30.161   30.883   31.063
   31.208   31.628   31.953   32.287   33.218   33.224   33.827   34.944   35.057   35.333
   35.359   36.204   36.580   36.706   37.559   37.703   37.980   38.068   38.389   38.611
   38.844   39.155   39.227   39.361   39.694   40.141   40.170   40.317   40.732   40.900
            0.437459 -0.399400  0.000000
  -13.429  -13.105   -7.044   -6.445   -5.315   -4.432   -3.150   -3.059   -1.517    1.507
    2.265    2.957    3.538    5.389    7.982    8.076    8.321    8.721    9.685    9.765
   10.378   10.680   11.110   11.481   12.022   12.027   13.305   13.758   14.056   14.557
   15.164   15.386   15.626   16.358   16.907   17.441   17.575   17.734   18.095   18.367
   19.424   19.442   19.998   20.342   20.717   21.220   21.701   22.191   22.200   23.052
   23.690   24.297   24.716   24.818   25.021   25.079   26.032   26.076   26.390   26.988
   27.300   27.429   27.860   28.356   28.675   29.202   29.756   30.102   30.833   31.064
   31.402   31.457   32.085   32.317   33.012   33.348   34.133   34.987   35.042   35.101
   35.560   36.270   36.437   36.475   37.495   37.555   37.760   37.990   38.108   38.522
   38.669   38.994   39.112   39.161   39.583   39.891   39.927   40.160   40.694   41.140
            0.429511 -0.413166  0.000000
  -13.410  -13.091   -6.983   -6.477   -5.298   -4.441   -3.338   -3.064   -1.487    1.472
    2.320    2.827    3.651    5.442    8.214    8.222    8.342    8.601    9.750    9.810
   10.453   10.749   11.161   11.536   12.064   12.095   13.264   13.719   13.919   14.640
   15.029   15.240   15.545   16.000   16.754   17.044   17.448   17.818   18.063   18.498
   19.139   19.247   19.868   20.367   20.859   21.464   21.661   22.065   22.378   22.773
   23.780   24.369   24.718   24.903   25.381   25.438   26.131   26.133   26.755   27.173
   27.257   27.373   27.911   28.229   28.804   29.338   29.937   30.138   30.736   31.059
   31.178   31.608   32.385   32.396   32.823   33.451   34.455   34.651   34.931   35.124
   35.881   36.153   36.234   36.517   37.208   37.239   37.619   37.732   38.019   38.447
   38.615   38.689   38.996   39.168   39.416   39.621   39.629   40.158   40.766   41.269
            0.421564 -0.426932  0.000000
  -13.390  -13.075   -6.916   -6.512   -5.282   -4.446   -3.529   -3.073   -1.457    1.429
    2.380    2.704    3.769    5.499    8.269    8.333    8.500    8.536    9.859    9.860
   10.541   10.826   11.217   11.594   12.102   12.168   13.184   13.672   13.822   14.724
   14.788   15.207   15.432   15.699   16.535   16.650   17.359   17.894   18.079   18.538
   18.943   18.979   19.736   20.482   20.989   21.448   21.646   22.143   22.462   22.626
   23.881   24.311   24.705   25.003   25.730   25.779   26.128   26.336   27.049   27.215
   27.222   27.469   27.946   28.320   28.772   29.580   30.089   30.277   30.567   30.973
   31.060   31.727   32.520   32.706   32.746   33.538   34.291   34.737   34.769   35.210
   35.861   35.948   36.323   36.588   36.822   37.081   37.347   37.503   37.745   38.405
   38.462   38.705   38.774   39.060   39.238   39.406   39.586   40.136   40.911   41.138
            0.413616 -0.440697  0.000000
  -13.369  -13.059   -6.843   -6.549   -5.266   -4.446   -3.720   -3.086   -1.425    1.378
    2.444    2.588    3.890    5.562    8.142    8.351    8.634    8.755    9.912    9.998
   10.641   10.911   11.277   11.655   12.140   12.241   13.068   13.619   13.762   14.542
   14.799   15.185   15.195   15.565   16.264   16.272   17.310   17.931   18.117   18.394
   18.691   18.959   19.599   20.632   20.993   21.322   21.715   22.251   22.288   22.888
   23.986   24.122   24.778   25.075   25.859   26.011   26.249   26.687   26.910   27.200
   27.587   27.634   27.926   28.610   28.738   29.749   30.226   30.228   30.659   30.846
   31.067   31.707   32.541   32.974   33.002   33.595   34.044   34.502   34.881   35.386
   35.646   35.831   36.226   36.434   36.700   36.962   37.208   37.394   37.407   38.138
   38.281   38.529   38.778   39.016   39.076   39.256   39.725   40.063   40.840   40.889
            0.405669 -0.454463  0.000000
  -13.347  -13.043   -6.764   -6.587   -5.254   -4.441   -3.909   -3.104   -1.392    1.322
    2.483    2.511    4.011    5.629    7.956    8.365    8.784    9.017    9.970   10.153
   10.757   11.004   11.340   11.714   12.172   12.315   12.939   13.565   13.708   14.322
   14.758   14.984   15.187   15.521   15.891   15.995   17.280   17.845   18.169   18.273
   18.411   19.055   19.464   20.785   20.786   21.411   21.589   22.214   22.461   23.179
   23.883   24.098   24.882   25.127   25.714   26.157   26.543   26.719   27.139   27.204
   27.754   27.930   28.018   28.773   28.939   29.762   30.065   30.366   30.733   31.039
   31.082   31.600   32.557   33.148   33.348   33.623   33.990   34.256   34.905   35.184
   35.635   35.887   36.006   36.075   36.586   36.728   37.057   37.266   37.518   37.920
   38.052   38.306   38.506   38.928   39.181   39.347   39.808   39.923   40.583   40.671
            0.397721 -0.468228  0.000000
  -13.326  -13.027   -6.679   -6.625   -5.246   -4.432   -4.092   -3.126   -1.355    1.260
    2.388    2.579    4.129    5.702    7.757    8.379    8.942    9.279   10.033   10.313
   10.889   11.105   11.399   11.769   12.192   12.390   12.822   13.513   13.611   14.167
   14.464   15.033   15.173   15.457   15.573   15.729   17.242   17.623   18.162   18.233
   18.265   19.135   19.346   20.554   20.887   21.398   21.541   22.290   22.651   23.465
   23.637   24.223   24.993   25.163   25.502   26.173   26.725   26.797   27.072   27.668
   27.914   28.017   28.286   28.913   29.254   29.608   30.098   30.494   30.624   31.100
   31.458   31.502   32.595   33.020   33.736   33.761   34.045   34.106   34.850   34.967
   35.389   35.663   35.759   36.172   36.369   36.708   36.725   37.139   37.449   37.782
   38.019   38.212   38.266   38.792   39.180   39.623   39.736   39.791   40.347   40.589
            0.389773 -0.481994  0.000000
  -13.305  -13.011   -6.663   -6.590   -5.246   -4.418   -4.264   -3.151   -1.317    1.196
    2.306    2.646    4.240    5.779    7.555    8.394    9.100    9.539   10.100   10.470
   11.034   11.215   11.448   11.815   12.192   12.469   12.747   13.441   13.465   14.096
   14.145   15.088   15.122   15.187   15.514   15.516   17.162   17.365   17.982   18.283
   18.303   19.127   19.296   20.367   20.791   21.380   21.659   22.392   22.842   23.417
   23.707   24.380   25.098   25.192   25.276   26.066   26.869   26.881   27.112   27.947
   28.043   28.270   28.488   28.962   29.541   29.689   30.172   30.508   30.579   31.070
   31.545   31.855   32.630   32.836   33.779   33.911   34.195   34.228   34.621   35.007
   35.161   35.317   35.495   35.841   36.367   36.673   36.753   37.005   37.186   37.494
   37.939   38.047   38.518   38.691   39.247   39.341   39.650   40.076   40.147   40.611
            0.381826 -0.495760  0.000000
  -13.285  -12.996   -6.699   -6.495   -5.257   -4.421   -4.401   -3.179   -1.276    1.131
    2.235    2.712    4.343    5.860    7.358    8.409    9.255    9.793   10.172   10.618
   11.184   11.333   11.469   11.849   12.181   12.557   12.726   13.224   13.419   13.842
   14.074   14.806   14.986   15.229   15.421   15.500   17.013   17.115   17.893   18.284
   18.379   19.036   19.295   20.257   20.540   21.518   21.743   22.495   22.973   23.300
   23.859   24.593   25.061   25.156   25.249   25.935   26.825   27.062   27.242   27.955
   28.221   28.533   28.546   29.094   29.802   30.044   30.238   30.409   30.618   30.975
   31.768   32.102   32.644   32.810   33.664   34.037   34.089   34.372   34.570   35.033
   35.102   35.104   35.247   35.523   36.050   36.532   36.798   37.023   37.100   37.261
   37.843   37.848   38.550   38.895   38.990   39.379   39.474   39.987   40.454   40.528
            0.373878 -0.509525  0.000000
  -13.266  -12.983   -6.732   -6.397   -5.287   -4.554   -4.381   -3.208   -1.235    1.067
    2.177    2.773    4.433    5.945    7.167    8.425    9.406   10.037   10.251   10.756
   11.326   11.447   11.454   11.876   12.185   12.657   12.751   12.992   13.344   13.593
   14.047   14.491   14.812   15.310   15.418   15.497   16.807   16.886   17.886   18.260
   18.460   18.919   19.287   20.231   20.256   21.697   21.771   22.594   22.937   23.404
   23.900   24.855   24.889   25.163   25.327   25.837   26.763   27.256   27.338   27.941
   28.298   28.304   28.801   29.541   30.018   30.147   30.303   30.626   30.678   30.862
   32.057   32.098   32.659   33.054   33.618   33.811   34.146   34.243   34.439   34.905
   34.915   35.075   35.375   35.449   35.824   36.312   36.543   36.915   36.963   37.441
   37.764   37.791   38.505   38.625   39.110   39.279   39.523   39.852   40.393   40.679
            0.365931 -0.523291  0.000000
  -13.249  -12.971   -6.761   -6.296   -5.340   -4.656   -4.361   -3.237   -1.195    1.008
    2.131    2.829    4.510    6.033    6.987    8.442    9.550   10.252   10.347   10.884
   11.380   11.435   11.568   11.916   12.224   12.767   12.772   12.806   13.158   13.478
   13.965   14.198   14.688   15.347   15.454   15.534   16.576   16.683   17.929   18.218
   18.542   18.785   19.288   19.975   20.265   21.733   21.888   22.682   22.879   23.589
   23.839   24.763   25.151   25.160   25.366   25.808   26.719   27.380   27.409   27.906
   28.057   28.366   29.022   29.898   30.130   30.154   30.324   30.742   30.863   31.114
   32.039   32.243   32.796   33.270   33.602   33.632   34.027   34.151   34.304   34.627
   34.708   35.058   35.248   35.760   35.853   36.040   36.392   36.702   36.916   37.307
   37.689   38.107   38.278   38.513   39.072   39.237   39.542   39.702   40.423   40.468
            0.357983 -0.537057  0.000000
  -13.236  -12.961   -6.785   -6.193   -5.417   -4.724   -4.342   -3.264   -1.159    0.957
    2.097    2.877    4.571    6.123    6.820    8.460    9.681   10.378   10.511   11.000
   11.286   11.475   11.683   11.992   12.278   12.577   12.877   12.892   12.924   13.440
   13.812   13.936   14.647   15.331   15.508   15.623   16.346   16.507   17.998   18.171
   18.622   18.647   19.308   19.712   20.324   21.643   22.080   22.750   22.863   23.710
   23.764   24.694   25.163   25.356   25.440   25.851   26.697   27.366   27.423   27.858
   27.947   28.423   29.208   29.841   30.151   30.163   30.612   30.721   31.170   31.582
   32.063   32.274   33.055   33.094   33.558   33.670   33.879   34.055   34.367   34.391
   34.452   35.000   35.185   35.718   35.807   35.961   36.551   36.602   36.869   37.102
   37.634   37.901   38.539   38.550   38.867   39.284   39.489   39.575   40.166   40.440
            0.350036 -0.550822  0.000000
  -13.225  -12.953   -6.804   -6.093   -5.510   -4.764   -4.326   -3.286   -1.130    0.916
    2.073    2.914    4.614    6.214    6.672    8.476    9.791   10.457   10.683   11.097
   11.190   11.451   11.808   12.092   12.263   12.507   12.668   12.953   13.045   13.415
   13.622   13.711   14.660   15.301   15.572   15.730   16.138   16.353   18.077   18.131
   18.529   18.690   19.337   19.487   20.385   21.539   22.271   22.781   22.873   23.564
   23.901   24.656   25.175   25.339   25.701   25.918   26.692   27.277   27.304   27.809
   28.005   28.473   29.361   29.736   30.077   30.150   30.478   31.249   31.502   31.855
   32.284   32.316   32.824   33.157   33.345   33.670   33.935   33.974   34.183   34.286
   34.514   34.935   35.247   35.430   35.621   35.983   36.624   36.800   36.864   36.938
   37.595   37.663   38.547   38.632   38.976   39.264   39.464   39.527   39.940   40.158
            0.342088 -0.564588  0.000000
  -13.218  -12.949   -6.815   -6.007   -5.597   -4.782   -4.316   -3.301   -1.110    0.890
    2.060    2.938    4.640    6.302    6.548    8.488    9.869   10.516   10.802   11.115
   11.163   11.413   11.930   12.174   12.190   12.442   12.565   13.013   13.188   13.395
   13.454   13.525   14.686   15.282   15.634   15.832   15.977   16.224   18.105   18.149
   18.449   18.727   19.330   19.363   20.426   21.460   22.451   22.748   22.888   23.455
   23.984   24.634   25.187   25.349   25.899   25.957   26.694   27.133   27.226   27.770
   28.087   28.507   29.472   29.661   29.997   30.152   30.363   31.735   31.748   31.974
   32.338   32.471   32.768   33.108   33.158   33.585   33.687   34.006   34.117   34.400
   34.604   35.042   35.157   35.245   35.414   36.023   36.581   36.783   36.899   37.005
   37.384   37.832   38.471   38.482   39.285   39.331   39.410   39.572   39.750   39.835
            0.334140 -0.578353  0.000000
  -13.216  -12.947   -6.819   -5.967   -5.639   -4.787   -4.312   -3.306   -1.103    0.881
    2.056    2.946    4.649    6.354    6.484    8.493    9.898   10.541   10.841   11.089
   11.184   11.399   12.002   12.133   12.277   12.281   12.609   13.027   13.293   13.384
   13.386   13.411   14.700   15.278   15.661   15.884   15.913   16.162   18.095   18.182
   18.420   18.730   19.278   19.374   20.439   21.430   22.585   22.663   22.895   23.418
   24.010   24.627   25.189   25.371   25.958   25.978   26.697   27.081   27.189   27.753
   28.120   28.520   29.516   29.635   29.964   30.152   30.317   31.827   31.923   32.116
   32.356   32.386   32.763   33.104   33.272   33.495   33.512   33.986   33.990   34.645
   34.648   35.027   35.123   35.203   35.260   36.070   36.543   36.771   36.884   37.036
   37.318   37.957   38.422   38.429   39.245   39.495   39.546   39.561   39.621   39.661
            0.326185 -0.564583  0.000000
  -13.218  -12.949   -6.815   -6.006   -5.596   -4.783   -4.316   -3.300   -1.111    0.890
    2.059    2.937    4.641    6.312    6.539    8.487    9.866   10.511   10.818   11.110
   11.169   11.406   11.907   12.171   12.298   12.365   12.545   13.051   13.184   13.421
   13.432   13.502   14.684   15.272   15.652   15.842   15.961   16.222   18.105   18.140
   18.449   18.751   19.316   19.361   20.431   21.458   22.441   22.766   22.887   23.449
   23.988   24.635   25.186   25.322   25.899   25.990   26.687   27.122   27.230   27.775
   28.092   28.506   29.473   29.658   30.000   30.165   30.351   31.772   31.792   32.084
   32.247   32.338   32.867   33.033   33.149   33.557   33.630   33.999   34.206   34.522
   34.586   34.902   35.087   35.237   35.552   36.027   36.552   36.782   36.890   37.020
   37.407   37.871   38.358   38.474   39.366   39.390   39.446   39.623   39.653   39.754
            0.318229 -0.550813  0.000000
  -13.226  -12.954   -6.802   -6.089   -5.502   -4.774   -4.328   -3.283   -1.133    0.917
    2.070    2.909    4.618    6.260    6.630    8.466    9.776   10.420   10.774   11.111
   11.167   11.427   11.754   12.252   12.403   12.403   12.455   13.044   13.125   13.483
   13.527   13.638   14.647   15.226   15.664   15.804   16.061   16.344   18.030   18.130
   18.530   18.826   19.320   19.400   20.421   21.530   22.237   22.856   22.865   23.529
   23.930   24.662   25.114   25.238   25.699   26.100   26.642   27.208   27.323   27.848
   28.028   28.474   29.373   29.712   30.100   30.208   30.423   31.559   31.644   31.936
   32.125   32.227   32.772   32.898   33.009   33.784   33.809   33.961   34.407   34.529
   34.562   34.691   35.092   35.320   35.960   36.009   36.606   36.803   36.808   36.976
   37.702   37.735   38.133   38.573   39.264   39.332   39.542   39.655   39.781   39.960
            0.310273 -0.537043  0.000000
  -13.241  -12.963   -6.780   -6.181   -5.390   -4.762   -4.349   -3.254   -1.170    0.960
    2.085    2.863    4.583    6.230    6.727    8.427    9.641   10.280   10.737   10.983
   11.247   11.467   11.637   12.168   12.428   12.491   12.554   12.941   13.201   13.567
   13.642   13.779   14.613   15.111   15.710   15.832   16.181   16.486   17.899   18.161
   18.657   18.938   19.263   19.508   20.423   21.633   22.024   22.829   22.897   23.649
   23.842   24.705   24.916   25.231   25.436   26.258   26.563   27.284   27.409   27.962
   27.975   28.456   29.264   29.758   30.243   30.260   30.501   31.340   31.494   31.679
   32.034   32.066   32.613   32.779   32.811   33.761   33.903   34.050   34.159   34.458
   34.747   34.879   35.222   35.492   35.976   36.399   36.620   36.788   36.868   36.901
   37.560   37.969   38.060   38.648   39.187   39.194   39.561   39.678   40.167   40.213
            0.302317 -0.523272  0.000000
  -13.261  -12.977   -6.748   -6.269   -5.270   -4.746   -4.376   -3.214   -1.218    1.015
    2.105    2.799    4.539    6.223    6.827    8.371    9.479   10.109   10.714   10.795
   11.329   11.470   11.603   12.006   12.474   12.545   12.689   12.931   13.254   13.666
   13.774   13.926   14.606   14.945   15.774   15.917   16.313   16.638   17.782   18.181
   18.818   19.066   19.216   19.627   20.439   21.753   21.813   22.782   22.894   23.727
   23.790   24.709   24.746   25.163   25.229   26.427   26.461   27.307   27.451   27.921
   28.145   28.490   29.179   29.750   30.292   30.393   30.564   31.165   31.367   31.442
   31.871   31.878   32.439   32.660   32.675   33.524   33.863   33.943   34.142   34.271
   34.787   35.325   35.458   35.630   36.154   36.495   36.603   36.815   36.986   37.092
   37.308   38.019   38.270   38.740   39.074   39.148   39.700   39.725   40.342   40.651
            0.294362 -0.509502  0.000000
  -13.288  -12.994   -6.707   -6.348   -5.150   -4.727   -4.407   -3.165   -1.276    1.078
    2.126    2.720    4.486    6.240    6.927    8.298    9.305    9.924   10.576   10.697
   11.383   11.407   11.638   11.896   12.392   12.630   12.839   13.006   13.297   13.779
   13.923   14.081   14.631   14.755   15.845   16.036   16.454   16.797   17.696   18.170
   18.966   19.201   19.236   19.754   20.470   21.611   21.884   22.730   22.860   23.583
   23.936   24.538   24.683   25.007   25.216   26.351   26.578   27.281   27.437   27.915
   28.340   28.594   29.129   29.658   30.274   30.485   30.602   31.023   31.287   31.293
   31.666   31.700   32.243   32.569   32.573   33.283   33.574   33.864   34.105   34.234
   34.698   35.583   35.746   35.813   36.322   36.371   36.731   36.841   37.059   37.285
   37.382   38.244   38.275   38.737   39.114   39.194   39.756   39.983   40.450   40.515
            0.286406 -0.495732  0.000000
  -13.322  -13.015   -6.656   -6.418   -5.033   -4.701   -4.441   -3.109   -1.340    1.141
    2.147    2.630    4.429    6.277    7.028    8.210    9.129    9.734   10.346   10.667
   11.334   11.375   11.640   11.889   12.323   12.647   12.987   13.125   13.368   13.911
   14.086   14.234   14.568   14.674   15.919   16.176   16.601   16.957   17.650   18.121
   19.031   19.336   19.387   19.888   20.520   21.423   22.019   22.677   22.800   23.414
   24.059   24.416   24.462   25.047   25.192   26.241   26.671   27.261   27.375   27.942
   28.546   28.750   29.107   29.487   30.186   30.448   30.625   30.873   31.246   31.247
   31.494   31.547   32.089   32.472   32.476   33.056   33.325   33.676   34.014   34.340
   34.561   35.448   35.952   36.090   36.200   36.508   36.696   36.991   37.195   37.542
   37.657   38.292   38.586   38.630   39.083   39.401   39.855   40.182   40.460   40.477
            0.278450 -0.481961  0.000000
  -13.363  -13.041   -6.595   -6.475   -4.931   -4.662   -4.477   -3.047   -1.407    1.201
    2.167    2.532    4.369    6.333    7.128    8.110    8.959    9.547   10.116   10.605
   11.264   11.333   11.576   11.971   12.297   12.596   13.120   13.282   13.481   14.063
   14.258   14.264   14.513   14.717   16.000   16.328   16.752   17.109   17.645   18.046
   19.048   19.465   19.606   20.029   20.599   21.251   22.148   22.633   22.717   23.240
   24.055   24.333   24.338   25.139   25.163   26.144   26.657   27.285   27.315   28.001
   28.753   28.912   29.089   29.280   30.047   30.298   30.638   30.702   31.131   31.199
   31.438   31.449   32.025   32.357   32.371   32.853   33.163   33.483   33.890   34.418
   34.481   35.273   35.838   36.009   36.293   36.652   36.653   37.254   37.606   37.611
   37.916   38.424   38.653   38.920   39.092   39.544   39.937   40.022   40.461   40.488
            0.270495 -0.468191  0.000000
  -13.411  -13.070   -6.524   -6.521   -4.856   -4.596   -4.511   -2.981   -1.475    1.251
    2.184    2.432    4.308    6.402    7.226    8.000    8.803    9.366    9.889   10.499
   11.199   11.307   11.458   12.086   12.294   12.513   13.251   13.466   13.620   14.095
   14.238   14.429   14.672   14.750   16.098   16.484   16.906   17.236   17.670   17.977
   19.041   19.585   19.828   20.175   20.720   21.102   22.254   22.602   22.608   23.097
   23.878   24.286   24.386   25.142   25.234   26.069   26.557   27.188   27.436   28.087
   28.892   28.953   29.048   29.230   29.886   30.110   30.501   30.633   30.969   31.060
   31.396   31.454   31.961   32.268   32.293   32.677   33.096   33.324   33.767   34.271
   34.613   35.106   35.615   35.826   36.428   36.550   36.746   37.607   37.686   37.920
   38.104   38.469   38.953   39.050   39.352   39.624   39.763   39.910   40.431   40.563
            0.262539 -0.454421  0.000000
  -13.465  -13.103   -6.555   -6.444   -4.816   -4.544   -4.499   -2.911   -1.542    1.286
    2.196    2.335    4.249    6.483    7.316    7.883    8.668    9.194    9.672   10.359
   11.138   11.302   11.313   12.172   12.284   12.467   13.398   13.647   13.758   13.924
   14.430   14.570   14.804   14.869   16.219   16.632   17.061   17.309   17.712   17.957
   19.004   19.691   20.038   20.326   20.881   20.976   22.318   22.474   22.571   23.044
   23.714   24.238   24.451   25.144   25.310   26.032   26.420   27.104   27.573   28.180
   28.667   28.963   29.135   29.354   29.731   29.945   30.280   30.581   30.850   30.870
   31.339   31.461   31.776   32.172   32.366   32.511   33.050   33.230   33.722   34.112
   34.695   34.960   35.376   35.693   36.433   36.480   36.857   37.590   37.911   38.102
   38.297   38.718   38.899   39.332   39.451   39.533   39.862   39.936   40.502   40.650
            0.254583 -0.440650  0.000000
  -13.525  -13.140   -6.578   -6.354   -4.799   -4.573   -4.382   -2.840   -1.605    1.300
    2.202    2.245    4.192    6.570    7.390    7.760    8.563    9.034    9.469   10.200
   11.081   11.160   11.302   12.148   12.252   12.549   13.562   13.655   13.868   13.948
   14.638   14.641   14.937   15.079   16.363   16.748   17.213   17.322   17.756   18.013
   18.944   19.780   20.237   20.479   20.878   21.047   22.325   22.342   22.533   23.120
   23.605   24.179   24.491   25.182   25.347   26.042   26.275   27.053   27.670   28.229
   28.502   28.831   29.253   29.394   29.621   29.881   30.055   30.454   30.672   30.823
   31.244   31.427   31.567   32.103   32.331   32.472   32.939   33.219   33.760   34.010
   34.689   34.827   35.153   35.630   36.320   36.491   36.967   37.568   37.851   38.381
   38.430   38.806   38.813   39.173   39.490   39.750   39.968   40.227   40.742   40.822
            0.246627 -0.426880  0.000000
  -13.592  -13.179   -6.589   -6.256   -4.796   -4.598   -4.257   -2.768   -1.664    1.292
    2.166    2.201    4.139    6.658    7.439    7.633    8.496    8.888    9.288   10.033
   11.002   11.030   11.290   12.075   12.196   12.711   13.487   13.762   13.915   14.155
   14.707   14.857   15.123   15.297   16.524   16.792   17.326   17.360   17.790   18.117
   18.892   19.847   20.434   20.627   20.809   21.160   22.187   22.357   22.528   23.288
   23.550   24.107   24.501   25.256   25.336   26.098   26.139   27.046   27.618   28.238
   28.499   28.661   29.220   29.310   29.636   29.814   29.945   30.290   30.502   30.848
   31.088   31.354   31.413   32.059   32.137   32.510   32.843   33.281   33.626   34.180
   34.596   34.696   34.959   35.608   36.240   36.510   37.009   37.563   37.826   38.418
   38.540   38.591   38.695   39.206   39.397   40.033   40.198   40.576   40.789   41.375
            0.238672 -0.413110  0.000000
  -13.664  -13.222   -6.589   -6.150   -4.803   -4.618   -4.128   -2.697   -1.718    1.262
    2.099    2.191    4.090    6.741    7.458    7.502    8.459    8.758    9.147    9.866
   10.855   10.973   11.252   12.014   12.119   12.898   13.330   13.884   13.967   14.387
   14.824   15.082   15.326   15.520   16.692   16.750   17.346   17.497   17.811   18.229
   18.893   19.885   20.629   20.720   20.813   21.179   22.089   22.388   22.592   23.510
   23.535   24.033   24.491   25.285   25.354   26.028   26.185   27.085   27.395   28.339
   28.469   28.512   29.084   29.204   29.622   29.721   29.941   30.122   30.403   30.867
   30.894   31.294   31.327   31.898   32.063   32.381   32.894   33.391   33.420   34.452
   34.453   34.577   34.798   35.567   36.217   36.549   36.956   37.582   37.816   38.277
   38.414   38.479   38.661   39.247   39.332   40.196   40.507   40.786   41.089   41.826
            0.230716 -0.399339  0.000000
  -13.740  -13.267   -6.580   -6.036   -4.818   -4.632   -3.998   -2.626   -1.765    1.214
    2.041    2.173    4.044    6.803    7.368    7.459    8.418    8.644    9.081    9.703
   10.714   10.915   11.185   11.979   12.023   13.098   13.190   13.791   14.182   14.630
   14.990   15.309   15.532   15.743   16.663   16.853   17.340   17.618   17.828   18.348
   18.975   19.883   20.703   20.799   20.944   21.128   22.052   22.428   22.720   23.547
   23.739   23.998   24.473   25.204   25.441   25.975   26.288   27.110   27.162   28.269
   28.420   28.513   28.928   29.106   29.472   29.764   29.858   29.984   30.362   30.723
   30.825   31.293   31.313   31.672   32.050   32.194   32.997   33.215   33.526   34.287
   34.416   34.673   34.785   35.497   36.239   36.597   36.848   37.614   37.670   38.193
   38.284   38.377   38.611   39.300   39.305   40.326   40.684   40.867   41.493   41.897
            0.222760 -0.385569  0.000000
  -13.821  -13.315   -6.563   -5.916   -4.840   -4.640   -3.869   -2.558   -1.807    1.156
    1.991    2.148    4.000    6.826    7.232    7.470    8.332    8.546    9.114    9.547
   10.584   10.853   11.097   11.910   11.964   13.076   13.303   13.664   14.397   14.881
   15.187   15.526   15.736   15.954   16.584   16.985   17.279   17.712   17.870   18.502
   19.126   19.832   20.699   20.823   21.098   21.160   22.071   22.476   22.862   23.576
   23.813   24.175   24.462   25.102   25.470   26.025   26.393   26.815   27.260   28.078
   28.300   28.631   28.782   28.999   29.358   29.673   29.775   29.941   30.293   30.618
   30.732   31.282   31.373   31.469   32.037   32.046   32.950   33.163   33.659   34.117
   34.297   34.593   35.058   35.426   36.271   36.597   36.781   37.428   37.606   38.123
   38.178   38.351   38.540   39.295   39.406   40.436   40.607   41.019   41.162   41.965
            0.214805 -0.371799  0.000000
  -13.905  -13.364   -6.538   -5.789   -4.867   -4.640   -3.743   -2.492   -1.843    1.094
    1.943    2.115    3.958    6.798    7.094    7.514    8.205    8.466    9.225    9.399
   10.471   10.785   10.999   11.786   11.961   12.987   13.483   13.543   14.601   15.136
   15.404   15.711   15.932   16.123   16.580   17.061   17.188   17.783   17.964   18.700
   19.318   19.733   20.679   20.733   21.267   21.320   22.116   22.539   22.967   23.620
   23.807   24.469   24.492   24.989   25.446   26.169   26.493   26.537   27.352   27.916
   28.135   28.633   28.666   28.976   29.219   29.509   29.723   29.921   30.215   30.574
   30.634   31.192   31.245   31.519   31.956   32.071   32.762   33.241   33.755   33.950
   34.204   34.571   35.253   35.384   36.290   36.521   36.807   37.213   37.484   38.041
   38.107   38.346   38.497   39.314   39.553   40.448   40.477   40.743   40.967   41.931
            0.206849 -0.358028  0.000000
  -13.992  -13.415   -6.508   -5.658   -4.898   -4.633   -3.621   -2.429   -1.874    1.035
    1.897    2.076    3.914    6.723    6.955    7.592    8.058    8.402    9.261    9.368
   10.381   10.714   10.901   11.657   11.960   12.922   13.353   13.721   14.771   15.390
   15.632   15.831   16.111   16.236   16.708   17.071   17.116   17.856   18.109   18.932
   19.527   19.600   20.492   20.813   21.447   21.492   22.155   22.626   23.008   23.678
   23.827   24.489   24.831   24.877   25.414   26.231   26.426   26.577   27.405   27.808
   27.962   28.494   28.599   29.014   29.089   29.331   29.657   29.860   30.182   30.547
   30.566   30.986   31.171   31.573   31.947   32.156   32.589   33.289   33.758   33.818
   34.157   34.628   35.317   35.383   36.287   36.488   36.775   37.129   37.272   37.974
   38.000   38.311   38.523   39.347   39.677   40.189   40.309   40.542   40.783   41.481
            0.198893 -0.344258  0.000000
  -14.082  -13.467   -6.474   -5.523   -4.930   -4.616   -3.504   -2.370   -1.900    0.984
    1.851    2.033    3.868    6.620    6.816    7.685    7.911    8.353    9.134    9.496
   10.323   10.652   10.808   11.531   11.956   12.875   13.193   13.917   14.869   15.621
   15.863   15.919   16.267   16.333   16.918   17.038   17.125   17.932   18.297   19.186
   19.456   19.725   20.313   20.937   21.628   21.640   22.168   22.744   22.992   23.744
   23.864   24.506   24.799   25.142   25.418   26.047   26.632   26.635   27.398   27.770
   27.798   28.329   28.598   28.857   29.116   29.151   29.583   29.756   30.189   30.436
   30.557   30.842   31.130   31.576   31.935   32.304   32.465   33.293   33.628   33.769
   34.163   34.752   35.253   35.419   36.260   36.495   36.646   37.028   37.207   37.873
   37.875   38.223   38.604   39.360   39.590   39.832   40.289   40.315   40.562   41.031
            0.190937 -0.330488  0.000000
  -14.173  -13.520   -6.439   -5.386   -4.962   -4.590   -3.396   -2.315   -1.920    0.943
    1.806    1.987    3.818    6.500    6.677    7.703    7.850    8.315    9.021    9.560
   10.280   10.649   10.726   11.419   11.946   12.840   13.032   14.098   14.862   15.781
   16.075   16.089   16.402   16.414   16.997   17.147   17.264   18.008   18.519   19.325
   19.449   19.818   20.249   21.101   21.754   21.775   22.175   22.874   22.962   23.786
   23.886   24.495   24.799   25.320   25.511   25.951   26.658   26.866   27.347   27.655
   27.786   28.176   28.664   28.684   28.973   29.092   29.519   29.626   30.221   30.268
   30.505   30.792   31.194   31.554   31.859   32.408   32.483   33.266   33.501   33.705
   34.209   34.908   35.131   35.475   36.208   36.402   36.578   36.784   37.329   37.736
   37.749   38.088   38.699   39.269   39.388   39.419   39.883   40.368   40.427   40.507
            0.182982 -0.316717  0.000000
  -14.264  -13.573   -6.405   -5.249   -4.991   -4.552   -3.299   -2.265   -1.934    0.917
    1.762    1.940    3.762    6.373    6.539    7.570    7.945    8.284    8.926    9.546
   10.196   10.656   10.760   11.331   11.927   12.809   12.873   14.254   14.761   15.865
   16.217   16.342   16.519   16.556   16.978   17.385   17.504   18.077   18.760   19.234
   19.603   19.815   20.402   21.296   21.808   21.833   22.251   22.840   23.101   23.760
   23.877   24.478   24.884   25.375   25.579   26.050   26.663   27.076   27.271   27.543
   27.835   28.061   28.529   28.775   28.809   29.031   29.449   29.484   30.076   30.204
   30.495   30.803   31.336   31.527   31.739   32.381   32.654   33.225   33.408   33.640
   34.276   35.017   35.066   35.516   36.132   36.231   36.519   36.574   37.346   37.611
   37.648   37.952   38.753   39.009   39.031   39.159   39.437   39.865   40.228   40.271
            0.175026 -0.302947  0.000000
  -14.356  -13.627   -6.375   -5.115   -5.013   -4.501   -3.217   -2.220   -1.939    0.905
    1.721    1.892    3.699    6.242    6.402    7.423    8.056    8.253    8.855    9.472
   10.069   10.600   10.947   11.289   11.898   12.719   12.777   14.376   14.607   15.892
   16.259   16.627   16.693   16.748   17.009   17.650   17.782   18.125   18.998   19.230
   19.431   20.065   20.640   21.508   21.729   21.884   22.400   22.751   23.271   23.671
   23.867   24.461   25.038   25.372   25.645   26.220   26.664   27.180   27.256   27.447
   27.898   27.993   28.408   28.652   28.913   28.995   29.346   29.357   29.900   30.084
   30.596   30.844   31.450   31.507   31.675   32.348   32.778   33.173   33.370   33.598
   34.346   34.948   35.197   35.477   36.034   36.036   36.374   36.456   37.193   37.457
   37.599   37.884   38.480   38.661   38.763   38.955   39.024   39.454   39.929   40.017
            0.167070 -0.289177  0.000000
  -14.447  -13.680   -6.353   -5.026   -4.987   -4.435   -3.153   -2.181   -1.933    0.907
    1.685    1.846    3.629    6.110    6.268    7.277    8.163    8.212    8.815    9.357
    9.924   10.558   11.085   11.370   11.857   12.572   12.737   14.430   14.453   15.887
   16.249   16.879   16.924   16.931   17.156   17.939   18.075   18.139   19.175   19.206
   19.390   20.355   20.900   21.530   21.800   21.913   22.540   22.649   23.360   23.577
   23.940   24.417   25.239   25.343   25.755   26.341   26.668   27.082   27.338   27.442
   27.943   27.944   28.326   28.538   29.004   29.029   29.244   29.267   29.784   29.934
   30.721   30.899   31.411   31.496   31.780   32.327   32.824   33.111   33.389   33.611
   34.409   34.933   35.210   35.375   35.799   35.924   36.149   36.467   37.028   37.275
   37.409   37.835   38.072   38.299   38.310   38.545   39.010   39.204   39.647   39.729
            0.159114 -0.275406  0.000000
  -14.538  -13.733   -6.341   -5.025   -4.868   -4.352   -3.109   -2.147   -1.913    0.923
    1.657    1.803    3.552    5.980    6.136    7.137    8.156    8.262    8.811    9.209
    9.780   10.526   11.112   11.609   11.805   12.434   12.687   14.253   14.484   15.872
   16.222   16.926   17.200   17.237   17.410   18.129   18.243   18.375   18.978   19.344
   19.658   20.648   21.169   21.347   21.925   22.057   22.539   22.598   23.344   23.554
   24.135   24.336   25.316   25.458   25.859   26.429   26.678   26.987   27.214   27.603
   27.933   27.943   28.246   28.475   28.961   29.008   29.225   29.327   29.788   29.789
   30.792   30.961   31.392   31.494   31.858   32.382   32.817   33.046   33.417   33.693
   34.457   34.940   34.974   35.331   35.507   35.838   35.907   36.553   36.860   37.048
   37.118   37.578   37.673   37.875   38.024   38.178   38.985   38.999   39.220   39.422
            0.151159 -0.261636  0.000000
  -14.627  -13.785   -6.341   -5.009   -4.759   -4.251   -3.088   -2.119   -1.879    0.951
    1.637    1.763    3.468    5.853    6.008    7.001    8.085    8.350    8.842    9.031
    9.648   10.502   11.121   11.743   11.890   12.307   12.627   14.091   14.473   15.861
   16.189   16.946   17.495   17.556   17.696   18.132   18.557   18.613   18.820   19.562
   19.954   20.930   21.126   21.438   21.916   22.329   22.438   22.551   23.298   23.645
   24.224   24.390   25.298   25.661   25.920   26.545   26.683   26.918   27.084   27.598
   27.897   28.113   28.151   28.448   28.847   28.863   29.222   29.509   29.715   29.930
   30.776   31.023   31.469   31.502   31.830   32.534   32.802   33.009   33.449   33.772
   34.488   34.695   34.826   35.162   35.291   35.657   35.825   36.578   36.601   36.815
   36.838   37.111   37.274   37.493   37.837   37.977   38.705   38.799   38.883   39.311
            0.143203 -0.247866  0.000000
  -14.714  -13.837   -6.353   -4.976   -4.659   -4.134   -3.088   -2.097   -1.832    0.989
    1.629    1.727    3.378    5.729    5.883    6.871    8.002    8.421    8.830    8.901
    9.532   10.480   11.136   11.669   12.163   12.196   12.564   13.955   14.432   15.857
   16.147   16.938   17.803   17.881   17.979   18.200   18.471   18.879   19.057   19.819
   20.261   20.883   21.185   21.672   21.902   22.375   22.385   22.671   23.275   23.781
   24.119   24.646   25.299   25.813   25.947   26.634   26.696   26.945   26.964   27.510
   27.834   28.043   28.392   28.414   28.688   28.726   29.245   29.467   29.911   30.143
   30.721   31.077   31.523   31.598   31.757   32.685   32.801   33.059   33.491   33.713
   34.469   34.510   34.529   34.864   35.250   35.368   35.849   36.209   36.415   36.419
   36.686   36.770   36.940   37.196   37.669   37.769   38.423   38.593   38.593   39.267
            0.135247 -0.234095  0.000000
  -14.798  -13.886   -6.378   -4.928   -4.566   -4.006   -3.106   -2.081   -1.775    1.036
    1.632    1.698    3.282    5.609    5.763    6.746    7.914    8.445    8.646    8.983
    9.434   10.455   11.154   11.588   12.103   12.357   12.550   13.864   14.378   15.859
   16.096   16.895   18.109   18.165   18.202   18.311   18.405   19.205   19.383   20.093
   20.534   20.672   21.372   21.702   22.048   22.220   22.424   22.976   23.293   23.753
   24.190   24.827   25.369   25.895   25.974   26.531   26.766   26.942   27.090   27.429
   27.774   27.937   28.354   28.431   28.612   28.752   29.317   29.375   30.125   30.369
   30.689   31.116   31.571   31.692   31.726   32.779   32.818   33.233   33.395   33.608
   34.066   34.472   34.484   34.547   34.978   35.252   35.766   35.820   35.948   36.150
   36.362   36.531   36.871   37.057   37.392   37.465   38.294   38.410   38.411   38.964
            0.127292 -0.220325  0.000000
  -14.880  -13.934   -6.414   -4.866   -4.477   -3.871   -3.139   -2.071   -1.712    1.091
    1.648    1.674    3.181    5.494    5.647    6.628    7.822    8.298    8.607    9.081
    9.352   10.421   11.166   11.501   12.033   12.355   12.681   13.843   14.322   15.868
   16.035   16.819   18.005   18.400   18.439   18.583   18.709   19.532   19.723   20.208
   20.516   20.917   21.389   21.704   22.060   22.271   22.577   23.297   23.365   23.566
   24.413   24.863   25.563   25.914   26.026   26.415   26.674   27.037   27.303   27.413
   27.719   27.840   28.214   28.276   28.515   29.026   29.340   29.434   30.224   30.559
   30.698   31.137   31.666   31.677   31.831   32.794   32.878   33.092   33.400   33.685
   33.717   34.070   34.310   34.634   34.679   35.053   35.314   35.524   35.576   35.811
   36.207   36.432   36.844   36.929   37.065   37.151   38.053   38.182   38.526   38.756
            0.119336 -0.206555  0.000000
  -14.958  -13.981   -6.457   -4.792   -4.388   -3.734   -3.183   -2.067   -1.646    1.151
    1.658    1.676    3.077    5.384    5.536    6.515    7.731    8.062    8.636    9.187
    9.287   10.376   11.161   11.412   11.986   12.306   12.788   13.919   14.275   15.879
   15.968   16.721   17.796   18.625   18.751   18.930   19.037   19.853   19.960   20.068
   20.798   21.224   21.263   21.783   21.925   22.460   22.830   23.314   23.499   23.643
   24.663   24.807   25.794   25.894   26.137   26.312   26.570   27.041   27.493   27.524
   27.679   27.775   27.981   28.191   28.452   29.117   29.525   29.578   30.226   30.673
   30.683   31.139   31.704   31.809   31.940   32.524   32.975   33.008   33.191   33.671
   33.763   33.781   33.970   34.524   34.621   34.721   34.922   35.142   35.241   35.422
   36.234   36.424   36.628   36.677   36.900   36.987   37.793   37.935   38.630   38.725
            0.111380 -0.192784  0.000000
  -15.033  -14.025   -6.507   -4.708   -4.300   -3.596   -3.233   -2.069   -1.582    1.218
    1.649    1.716    2.971    5.280    5.431    6.408    7.641    7.812    8.661    9.241
    9.291   10.322   11.128   11.325   11.963   12.273   12.819   14.088   14.245   15.893
   15.896   16.612   17.594   18.860   19.050   19.286   19.358   19.699   20.158   20.411
   21.132   21.139   21.465   21.865   21.878   22.622   23.053   23.133   23.697   23.980
   24.719   24.904   25.854   25.940   26.245   26.336   26.504   26.992   27.521   27.578
   27.697   27.763   27.878   28.110   28.466   29.105   29.735   29.834   30.200   30.603
   30.698   31.123   31.702   31.827   32.089   32.321   32.732   32.905   33.132   33.438
   33.556   33.867   33.926   34.154   34.371   34.624   34.663   34.812   35.012   35.037
   36.168   36.284   36.410   36.562   36.776   36.873   37.550   37.802   38.475   38.654
            0.103424 -0.179014  0.000000
  -15.104  -14.067   -6.560   -4.618   -4.209   -3.462   -3.287   -2.077   -1.521    1.292
    1.648    1.765    2.865    5.180    5.332    6.307    7.555    7.560    8.672    9.218
    9.376   10.273   11.062   11.243   11.961   12.262   12.802   14.237   14.315   15.821
   15.907   16.499   17.401   18.976   19.317   19.474   19.644   19.782   20.410   20.725
   21.123   21.409   21.568   21.950   22.046   22.768   22.792   23.450   23.949   24.320
   24.631   25.109   25.805   26.006   26.242   26.346   26.721   26.939   27.440   27.498
   27.527   27.838   28.025   28.033   28.620   29.111   29.886   30.037   30.243   30.518
   30.630   31.086   31.538   31.624   32.200   32.353   32.450   32.733   32.821   33.416
   33.461   33.614   33.885   33.929   34.162   34.339   34.597   34.658   34.850   34.852
   35.793   36.159   36.279   36.398   36.711   36.842   37.403   37.765   38.295   38.329
            0.095469 -0.165244  0.000000
  -15.171  -14.107   -6.615   -4.524   -4.116   -3.343   -3.333   -2.091   -1.467    1.372
    1.655    1.821    2.759    5.087    5.239    6.212    7.312    7.472    8.665    9.221
    9.417   10.255   10.967   11.170   11.974   12.263   12.771   14.254   14.566   15.746
   15.921   16.389   17.219   18.774   19.520   19.670   19.993   20.119   20.564   20.988
   21.325   21.374   21.884   22.053   22.213   22.652   22.911   23.744   24.240   24.580
   24.647   25.253   25.763   26.026   26.280   26.331   26.897   27.013   27.255   27.430
   27.466   27.831   27.960   28.189   28.888   29.157   29.990   30.005   30.243   30.439
   30.692   30.994   31.276   31.421   32.071   32.103   32.304   32.528   32.890   32.971
   33.282   33.490   33.655   33.895   34.049   34.306   34.311   34.613   34.873   34.901
   35.423   35.894   36.051   36.150   36.809   36.832   37.402   37.691   38.012   38.206
            0.087513 -0.151474  0.000000
  -15.234  -14.144   -6.670   -4.427   -4.022   -3.398   -3.212   -2.112   -1.419    1.459
    1.670    1.881    2.655    4.999    5.152    6.122    7.070    7.394    8.642    9.247
    9.390   10.291   10.851   11.110   11.997   12.261   12.749   14.297   14.823   15.673
   15.935   16.284   17.051   18.454   19.618   19.984   20.304   20.466   20.713   21.252
   21.286   21.656   22.018   22.187   22.294   22.868   23.064   23.934   24.532   24.668
   24.929   25.332   25.766   26.011   26.225   26.505   26.858   26.961   27.266   27.403
   27.551   27.800   27.889   28.329   29.205   29.242   29.855   29.998   30.153   30.171
   30.832   30.970   31.137   31.150   31.739   31.871   32.114   32.297   32.659   32.834
   32.977   33.307   33.574   33.765   34.055   34.253   34.357   34.603   34.873   34.958
   35.192   35.582   35.741   35.948   36.852   36.867   37.491   37.591   37.755   38.173
            0.079557 -0.137703  0.000000
  -15.291  -14.178   -6.723   -4.330   -3.925   -3.452   -3.098   -2.138   -1.379    1.553
    1.693    1.942    2.554    4.917    5.072    6.037    6.839    7.321    8.609    9.292
    9.301   10.372   10.724   11.071   12.025   12.241   12.749   14.365   15.072   15.602
   15.951   16.187   16.896   18.111   19.609   20.329   20.540   20.782   20.977   21.209
   21.521   21.783   22.012   22.366   22.674   23.208   23.236   23.962   24.803   24.965
   25.109   25.358   25.888   25.977   26.179   26.723   26.730   26.869   27.236   27.341
   27.776   27.824   27.877   28.444   29.320   29.489   29.678   29.710   30.054   30.092
   30.655   30.660   31.032   31.297   31.415   31.775   31.792   32.119   32.349   32.382
   32.940   32.983   33.692   33.798   33.884   34.266   34.441   34.606   34.813   34.827
   35.253   35.263   35.599   35.744   36.834   36.842   37.554   37.577   37.663   37.990
            0.071602 -0.123933  0.000000
  -15.344  -14.210   -6.774   -4.235   -3.827   -3.503   -2.994   -2.170   -1.345    1.652
    1.722    2.003    2.458    4.841    5.000    5.957    6.622    7.255    8.570    9.174
    9.351   10.464   10.592   11.069   12.052   12.199   12.771   14.457   15.307   15.537
   15.970   16.098   16.756   17.765   19.537   20.675   20.715   20.952   21.160   21.320
   21.670   21.783   22.353   22.611   23.074   23.426   23.570   23.919   25.102   25.181
   25.323   25.344   25.947   26.138   26.151   26.536   26.839   26.953   27.199   27.281
   27.750   27.804   28.190   28.565   29.144   29.247   29.702   29.757   29.945   30.064
   30.234   30.551   30.839   30.948   31.292   31.715   31.790   31.887   31.900   32.288
   32.600   32.922   33.550   33.829   34.000   34.153   34.305   34.534   34.684   34.980
   35.021   35.249   35.571   35.720   36.743   36.783   37.505   37.564   37.765   37.778
            0.063646 -0.110163  0.000000
  -15.392  -14.238   -6.822   -4.144   -3.727   -3.550   -2.901   -2.207   -1.319    1.754
    1.757    2.061    2.369    4.771    4.934    5.880    6.423    7.194    8.530    9.028
    9.420   10.461   10.531   11.125   12.077   12.142   12.803   14.568   15.481   15.523
   15.992   16.020   16.634   17.424   19.441   20.839   20.853   20.912   21.218   21.684
   21.869   22.033   22.664   22.924   23.483   23.592   23.926   23.934   25.207   25.314
   25.361   25.693   25.943   26.119   26.377   26.489   26.804   27.105   27.175   27.234
   27.694   27.895   28.355   28.680   28.765   29.055   29.414   29.712   29.846   30.133
   30.203   30.399   30.497   30.817   30.870   31.430   31.477   31.711   32.023   32.415
   32.433   32.798   33.337   33.736   33.830   34.028   34.335   34.543   34.577   34.871
   34.926   35.471   35.485   35.863   36.642   36.712   37.328   37.461   37.750   37.873
            0.055690 -0.096392  0.000000
  -15.435  -14.264   -6.866   -4.058   -3.628   -3.593   -2.819   -2.251   -1.298    1.796
    1.857    2.116    2.286    4.707    4.876    5.803    6.247    7.140    8.490    8.877
    9.494   10.337   10.557   11.241   12.077   12.098   12.837   14.689   15.437   15.714
   15.951   16.018   16.530   17.093   19.343   20.589   20.895   20.958   21.553   22.026
   22.215   22.282   22.976   23.230   23.682   23.899   24.105   24.278   25.221   25.304
   25.496   25.904   26.048   26.182   26.332   26.768   26.849   27.113   27.165   27.233
   27.632   28.072   28.245   28.334   28.822   28.984   29.020   29.468   29.698   30.025
   30.317   30.322   30.376   30.459   30.685   31.160   31.231   31.429   32.127   32.505
   32.549   32.685   33.093   33.416   33.696   33.919   34.327   34.477   34.533   34.836
   34.971   35.477   35.649   35.993   36.494   36.649   37.148   37.383   37.653   37.888
            0.047734 -0.082622  0.000000
  -15.472  -14.286   -6.905   -3.979   -3.631   -3.530   -2.747   -2.298   -1.282    1.837
    1.957    2.165    2.213    4.649    4.825    5.726    6.098    7.093    8.452    8.731
    9.572   10.222   10.553   11.399   12.009   12.115   12.867   14.806   15.413   15.870
   15.891   16.052   16.449   16.779   19.253   20.304   20.848   21.037   21.950   22.285
   22.563   22.599   23.309   23.377   23.908   24.314   24.386   24.567   25.215   25.381
   25.523   25.826   26.055   26.488   26.506   26.756   27.037   27.178   27.183   27.226
   27.501   27.917   28.189   28.246   28.517   28.729   29.014   29.228   29.509   29.841
   30.133   30.133   30.204   30.544   30.603   30.887   31.068   31.463   32.106   32.303
   32.641   32.700   33.004   33.087   33.678   33.746   34.328   34.340   34.481   34.910
   35.055   35.569   35.613   36.110   36.309   36.578   37.067   37.296   37.591   37.816
            0.039779 -0.068852  0.000000
  -15.503  -14.305   -6.939   -3.910   -3.664   -3.434   -2.688   -2.350   -1.270    1.878
    2.052    2.149    2.208    4.597    4.782    5.645    5.981    7.052    8.419    8.596
    9.648   10.120   10.537   11.575   11.943   12.128   12.890   14.902   15.423   15.842
   15.965   16.113   16.394   16.488   19.174   20.027   20.804   21.096   22.365   22.463
   22.820   22.996   23.452   23.680   24.281   24.693   24.697   24.769   25.222   25.510
   25.588   25.715   26.005   26.568   26.828   26.869   26.875   27.156   27.244   27.249
   27.399   27.944   27.984   28.079   28.149   28.849   28.877   28.943   29.223   29.656
   29.710   29.936   30.281   30.584   30.584   30.861   30.877   31.757   31.831   32.202
   32.390   32.558   32.935   33.290   33.360   33.904   34.199   34.317   34.463   35.017
   35.097   35.429   35.654   36.093   36.194   36.489   37.045   37.265   37.640   37.706
            0.031823 -0.055081  0.000000
  -15.529  -14.320   -6.967   -3.850   -3.691   -3.344   -2.639   -2.404   -1.262    1.916
    2.095    2.138    2.243    4.552    4.746    5.564    5.896    7.019    8.390    8.479
    9.720   10.034   10.517   11.750   11.881   12.137   12.905   14.957   15.475   15.802
   15.993   16.201   16.228   16.369   19.110   19.772   20.766   21.138   22.599   22.790
   22.926   23.393   23.684   24.061   24.691   24.829   24.986   24.994   25.365   25.493
   25.615   25.902   25.972   26.525   26.540   26.886   26.961   27.132   27.149   27.339
   27.447   27.770   27.790   27.880   28.288   28.536   28.680   29.050   29.142   29.169
   29.565   29.616   30.354   30.550   30.562   30.781   31.077   31.547   31.933   31.993
   32.275   32.320   32.993   33.185   33.449   33.975   34.160   34.299   34.455   35.088
   35.108   35.259   35.608   35.952   36.167   36.438   37.034   37.310   37.604   37.752
            0.023867 -0.041311  0.000000
  -15.550  -14.333   -6.989   -3.802   -3.713   -3.262   -2.602   -2.457   -1.256    1.950
    2.052    2.210    2.272    4.515    4.719    5.491    5.837    6.993    8.366    8.383
    9.783    9.964   10.499   11.828   11.909   12.143   12.914   14.974   15.557   15.771
   15.990   16.010   16.282   16.366   19.060   19.553   20.736   21.168   22.708   22.921
   23.223   23.777   24.038   24.448   24.888   25.028   25.102   25.195   25.487   25.600
   25.704   25.962   26.130   26.261   26.489   26.682   26.823   27.074   27.101   27.239
   27.440   27.606   27.759   27.831   28.314   28.438   28.579   28.767   28.979   29.153
   29.457   29.551   30.191   30.534   30.535   30.744   31.190   31.531   31.593   31.842
   32.314   32.388   32.807   33.377   33.560   33.843   34.154   34.274   34.436   35.102
   35.121   35.277   35.428   35.774   36.219   36.432   36.987   37.400   37.548   37.786
            0.015911 -0.027541  0.000000
  -15.564  -14.341   -7.005   -3.767   -3.728   -3.193   -2.575   -2.505   -1.252    1.975
    2.021    2.265    2.293    4.487    4.699    5.433    5.799    6.975    8.311    8.349
    9.833    9.914   10.485   11.787   12.039   12.148   12.919   14.969   15.640   15.748
   15.846   15.978   16.341   16.376   19.025   19.383   20.714   21.187   22.791   22.892
   23.660   24.116   24.429   24.818   24.958   25.004   25.224   25.375   25.590   25.621
   25.722   25.994   26.220   26.313   26.414   26.652   26.674   26.789   27.072   27.111
   27.422   27.537   27.591   27.629   28.174   28.434   28.557   28.708   28.920   29.140
   29.510   29.723   30.021   30.261   30.471   30.759   31.137   31.210   31.764   31.896
   32.168   32.322   33.053   33.538   33.585   33.705   33.992   34.212   34.407   35.085
   35.224   35.286   35.325   35.628   36.332   36.414   36.947   37.497   37.513   37.546
            0.007956 -0.013770  0.000000
  -15.573  -14.347   -7.015   -3.746   -3.737   -3.145   -2.560   -2.539   -1.250    1.991
    2.003    2.299    2.305    4.469    4.687    5.396    5.778    6.964    8.267    8.338
    9.864    9.883   10.476   11.761   12.124   12.150   12.920   14.959   15.694   15.734
   15.752   15.968   16.376   16.386   19.003   19.274   20.701   21.198   22.844   22.868
   24.093   24.348   24.814   24.870   25.104   25.104   25.200   25.316   25.357   25.777
   25.925   25.964   26.027   26.357   26.504   26.594   26.650   26.955   27.011   27.057
   27.320   27.369   27.382   27.537   27.751   28.338   28.724   28.784   28.893   29.474
   29.551   29.860   29.904   29.942   30.291   30.825   30.949   31.039   31.902   32.001
   32.030   32.354   33.404   33.496   33.549   33.641   33.910   34.046   34.391   35.064
   35.091   35.345   35.453   35.543   36.383   36.510   36.942   37.177   37.564   37.574
            0.000000  0.000000  0.000000
  -15.576  -14.348   -7.018   -3.741   -3.738   -3.128   -2.555   -2.552   -1.249    1.996
    1.997    2.308    2.312    4.463    4.683    5.383    5.771    6.960    8.252    8.334
    9.871    9.877   10.473   11.751   12.149   12.156   12.921   14.954   15.691   15.735
   15.737   15.964   16.387   16.391   18.996   19.236   20.697   21.201   22.858   22.864
   24.423   24.431   24.624   25.088   25.170   25.221   25.223   25.228   25.230   25.769
   25.941   25.947   25.959   26.431   26.478   26.485   26.928   26.963   27.079   27.087
   27.199   27.227   27.234   27.579   27.586   28.141   28.808   28.932   28.940   29.435
   29.778   29.785   29.941   29.964   29.972   30.870   30.876   30.998   31.782   32.088
   32.096   32.391   33.443   33.448   33.674   33.683   33.829   33.908   34.389   35.050
   35.054   35.347   35.513   35.519   36.368   36.681   36.947   36.947   37.586   37.592
