 &plot nbnd= 100, nks=   100 /
            0.000000  0.000000  0.000000
  -15.620  -14.435  -14.284  -14.284  -14.226  -14.210  -14.210  -13.944  -13.669  -13.669
  -13.591  -13.568  -13.568  -13.332  -13.257  -13.090  -12.990   -7.070   -6.874   -6.874
   -6.806   -6.745   -6.745   -6.627   -6.558   -6.558   -5.994   -5.994   -5.809   -5.694
   -5.694   -5.667   -5.651   -5.650   -5.407   -5.407   -5.331   -5.242   -5.242   -5.055
   -4.953   -4.953   -4.857   -4.443   -4.361   -4.361   -4.020   -3.948   -3.947   -3.943
   -3.766   -3.765   -3.479   -3.387   -3.310   -3.310   -3.158   -2.980   -2.962   -2.962
   -2.837   -2.837   -2.486   -2.486   -2.439   -2.407   -2.407   -2.381   -2.304   -2.297
   -2.297   -2.268   -2.149   -2.149   -1.537   -1.189   -1.189   -1.092    0.179    0.179
    0.979    0.979    1.341    1.373    1.373    1.382    1.422    1.422    1.560    1.560
    1.595    1.650    1.848    1.848    2.013    2.014    2.222    2.222    2.419    2.594
            0.014048 -0.008110  0.000000
  -15.619  -14.435  -14.289  -14.287  -14.238  -14.206  -14.194  -13.943  -13.670  -13.669
  -13.596  -13.567  -13.562  -13.332  -13.257  -13.090  -12.990   -7.070   -6.874   -6.873
   -6.810   -6.745   -6.743   -6.628   -6.557   -6.555   -5.998   -5.998   -5.813   -5.691
   -5.689   -5.677   -5.650   -5.639   -5.406   -5.406   -5.331   -5.242   -5.242   -5.055
   -4.952   -4.952   -4.856   -4.444   -4.361   -4.360   -4.023   -3.949   -3.947   -3.942
   -3.766   -3.765   -3.479   -3.388   -3.312   -3.309   -3.157   -2.981   -2.962   -2.961
   -2.836   -2.835   -2.488   -2.488   -2.446   -2.417   -2.402   -2.372   -2.304   -2.299
   -2.295   -2.267   -2.148   -2.146   -1.537   -1.190   -1.190   -1.093    0.179    0.179
    0.979    0.980    1.335    1.368    1.376    1.383    1.424    1.427    1.558    1.561
    1.599    1.651    1.848    1.849    2.014    2.014    2.221    2.222    2.417    2.592
            0.028095 -0.016221  0.000000
  -15.618  -14.435  -14.303  -14.295  -14.250  -14.198  -14.171  -13.941  -13.672  -13.671
  -13.604  -13.564  -13.551  -13.332  -13.258  -13.090  -12.991   -7.069   -6.875   -6.872
   -6.819   -6.747   -6.737   -6.630   -6.556   -6.548   -6.011   -6.010   -5.823   -5.692
   -5.684   -5.672   -5.648   -5.621   -5.403   -5.402   -5.331   -5.242   -5.242   -5.056
   -4.951   -4.950   -4.854   -4.446   -4.363   -4.359   -4.031   -3.952   -3.950   -3.937
   -3.769   -3.764   -3.479   -3.389   -3.317   -3.306   -3.154   -2.984   -2.961   -2.959
   -2.834   -2.830   -2.495   -2.492   -2.461   -2.432   -2.394   -2.356   -2.304   -2.303
   -2.290   -2.263   -2.145   -2.137   -1.537   -1.192   -1.192   -1.094    0.180    0.180
    0.982    0.982    1.322    1.356    1.381    1.382    1.429    1.437    1.554    1.562
    1.609    1.653    1.848    1.850    2.014    2.016    2.218    2.222    2.412    2.588
            0.042143 -0.024331  0.000000
  -15.617  -14.435  -14.323  -14.304  -14.257  -14.187  -14.147  -13.937  -13.677  -13.674
  -13.613  -13.560  -13.538  -13.332  -13.259  -13.091  -12.992   -7.067   -6.877   -6.871
   -6.832   -6.749   -6.732   -6.632   -6.553   -6.537   -6.029   -6.027   -5.836   -5.706
   -5.679   -5.651   -5.639   -5.601   -5.397   -5.395   -5.329   -5.242   -5.241   -5.057
   -4.950   -4.947   -4.851   -4.449   -4.366   -4.356   -4.042   -3.958   -3.954   -3.930
   -3.774   -3.763   -3.479   -3.391   -3.326   -3.301   -3.149   -2.988   -2.958   -2.955
   -2.830   -2.823   -2.507   -2.500   -2.478   -2.447   -2.388   -2.342   -2.312   -2.299
   -2.283   -2.254   -2.140   -2.124   -1.536   -1.196   -1.196   -1.095    0.181    0.181
    0.986    0.986    1.306    1.342    1.380    1.385    1.435    1.450    1.552    1.564
    1.621    1.658    1.849    1.852    2.014    2.018    2.214    2.222    2.404    2.581
            0.056191 -0.032442  0.000000
  -15.614  -14.436  -14.346  -14.316  -14.262  -14.174  -14.124  -13.931  -13.684  -13.678
  -13.619  -13.555  -13.525  -13.332  -13.261  -13.093  -12.993   -7.064   -6.882   -6.869
   -6.844   -6.752   -6.728   -6.631   -6.549   -6.525   -6.053   -6.049   -5.851   -5.720
   -5.679   -5.627   -5.622   -5.579   -5.390   -5.386   -5.328   -5.241   -5.241   -5.058
   -4.948   -4.942   -4.847   -4.454   -4.370   -4.353   -4.056   -3.966   -3.959   -3.922
   -3.780   -3.761   -3.479   -3.393   -3.338   -3.296   -3.143   -2.995   -2.954   -2.949
   -2.825   -2.814   -2.523   -2.513   -2.494   -2.458   -2.388   -2.330   -2.319   -2.292
   -2.274   -2.242   -2.134   -2.108   -1.536   -1.200   -1.200   -1.097    0.182    0.183
    0.991    0.992    1.289    1.327    1.377    1.386    1.440    1.463    1.554    1.567
    1.635    1.664    1.849    1.855    2.015    2.022    2.208    2.222    2.393    2.571
            0.070238 -0.040552  0.000000
  -15.611  -14.437  -14.371  -14.328  -14.267  -14.159  -14.100  -13.924  -13.692  -13.683
  -13.624  -13.549  -13.512  -13.332  -13.264  -13.094  -12.995   -7.061   -6.891   -6.867
   -6.853   -6.756   -6.727   -6.628   -6.545   -6.511   -6.079   -6.073   -5.869   -5.733
   -5.683   -5.603   -5.600   -5.554   -5.381   -5.376   -5.325   -5.240   -5.240   -5.060
   -4.945   -4.936   -4.841   -4.459   -4.375   -4.350   -4.072   -3.976   -3.967   -3.914
   -3.788   -3.758   -3.479   -3.395   -3.352   -3.289   -3.137   -3.002   -2.948   -2.943
   -2.819   -2.804   -2.544   -2.529   -2.509   -2.466   -2.396   -2.321   -2.321   -2.280
   -2.263   -2.228   -2.125   -2.091   -1.535   -1.207   -1.206   -1.099    0.184    0.185
    0.997    0.999    1.272    1.312    1.373    1.387    1.443    1.477    1.561    1.571
    1.650    1.672    1.850    1.859    2.016    2.027    2.201    2.223    2.380    2.559
            0.084286 -0.048663  0.000000
  -15.608  -14.441  -14.392  -14.340  -14.271  -14.144  -14.077  -13.916  -13.702  -13.687
  -13.627  -13.542  -13.499  -13.332  -13.267  -13.096  -12.997   -7.058   -6.906   -6.864
   -6.858   -6.760   -6.727   -6.623   -6.539   -6.498   -6.108   -6.099   -5.887   -5.745
   -5.690   -5.581   -5.574   -5.526   -5.371   -5.365   -5.322   -5.239   -5.239   -5.062
   -4.942   -4.928   -4.834   -4.464   -4.381   -4.346   -4.088   -3.988   -3.975   -3.907
   -3.797   -3.754   -3.479   -3.397   -3.368   -3.281   -3.131   -3.009   -2.940   -2.935
   -2.810   -2.794   -2.567   -2.548   -2.524   -2.472   -2.411   -2.319   -2.314   -2.267
   -2.251   -2.213   -2.115   -2.074   -1.534   -1.214   -1.214   -1.102    0.187    0.188
    1.005    1.008    1.255    1.297    1.369    1.387    1.442    1.490    1.572    1.575
    1.666    1.682    1.851    1.863    2.016    2.033    2.192    2.223    2.365    2.545
            0.098334 -0.056773  0.000000
  -15.604  -14.452  -14.408  -14.352  -14.276  -14.128  -14.055  -13.907  -13.713  -13.693
  -13.629  -13.534  -13.485  -13.333  -13.271  -13.099  -13.000   -7.053   -6.924   -6.861
   -6.861   -6.763   -6.729   -6.615   -6.534   -6.484   -6.138   -6.126   -5.906   -5.757
   -5.698   -5.560   -5.548   -5.496   -5.359   -5.355   -5.316   -5.237   -5.237   -5.064
   -4.939   -4.919   -4.825   -4.470   -4.388   -4.342   -4.106   -4.001   -3.985   -3.901
   -3.808   -3.748   -3.480   -3.398   -3.385   -3.272   -3.125   -3.016   -2.932   -2.928
   -2.801   -2.784   -2.592   -2.568   -2.541   -2.477   -2.431   -2.314   -2.307   -2.253
   -2.237   -2.198   -2.104   -2.056   -1.533   -1.223   -1.222   -1.106    0.189    0.191
    1.014    1.017    1.238    1.283    1.365    1.386    1.440    1.503    1.580    1.587
    1.682    1.692    1.852    1.868    2.017    2.040    2.182    2.223    2.349    2.530
            0.112381 -0.064883  0.000000
  -15.599  -14.472  -14.414  -14.363  -14.281  -14.112  -14.034  -13.897  -13.724  -13.698
  -13.631  -13.526  -13.472  -13.333  -13.275  -13.101  -13.003   -7.049   -6.944   -6.862
   -6.858   -6.767   -6.732   -6.606   -6.528   -6.470   -6.168   -6.154   -5.926   -5.769
   -5.707   -5.541   -5.521   -5.465   -5.347   -5.346   -5.307   -5.236   -5.235   -5.065
   -4.935   -4.908   -4.814   -4.475   -4.396   -4.338   -4.124   -4.016   -3.997   -3.896
   -3.821   -3.742   -3.482   -3.404   -3.399   -3.263   -3.119   -3.021   -2.923   -2.921
   -2.789   -2.775   -2.617   -2.589   -2.558   -2.480   -2.453   -2.308   -2.299   -2.238
   -2.222   -2.182   -2.092   -2.038   -1.532   -1.232   -1.232   -1.110    0.193    0.194
    1.024    1.028    1.221    1.269    1.360    1.385    1.436    1.515    1.586    1.605
    1.698    1.704    1.853    1.874    2.018    2.048    2.172    2.224    2.331    2.512
            0.126429 -0.072994  0.000000
  -15.593  -14.497  -14.416  -14.375  -14.286  -14.095  -14.013  -13.888  -13.735  -13.703
  -13.631  -13.518  -13.459  -13.333  -13.280  -13.104  -13.007   -7.043   -6.964   -6.863
   -6.855   -6.770   -6.734   -6.597   -6.522   -6.458   -6.198   -6.180   -5.946   -5.781
   -5.717   -5.524   -5.495   -5.434   -5.341   -5.332   -5.295   -5.234   -5.231   -5.067
   -4.931   -4.896   -4.800   -4.481   -4.404   -4.334   -4.143   -4.032   -4.009   -3.893
   -3.835   -3.734   -3.485   -3.423   -3.400   -3.253   -3.115   -3.025   -2.915   -2.913
   -2.777   -2.768   -2.642   -2.610   -2.576   -2.481   -2.476   -2.301   -2.291   -2.223
   -2.206   -2.167   -2.078   -2.020   -1.530   -1.243   -1.242   -1.114    0.196    0.198
    1.034    1.039    1.205    1.256    1.356    1.384    1.432    1.527    1.592    1.624
    1.715    1.717    1.854    1.880    2.018    2.057    2.160    2.224    2.312    2.494
            0.140477 -0.081104  0.000000
  -15.587  -14.524  -14.415  -14.387  -14.291  -14.078  -13.994  -13.878  -13.745  -13.709
  -13.631  -13.509  -13.447  -13.334  -13.286  -13.108  -13.010   -7.038   -6.984   -6.864
   -6.853   -6.771   -6.736   -6.587   -6.516   -6.446   -6.228   -6.207   -5.967   -5.792
   -5.727   -5.507   -5.469   -5.403   -5.336   -5.318   -5.281   -5.231   -5.225   -5.068
   -4.927   -4.882   -4.785   -4.487   -4.413   -4.331   -4.162   -4.049   -4.023   -3.891
   -3.851   -3.724   -3.490   -3.442   -3.399   -3.243   -3.113   -3.028   -2.909   -2.903
   -2.766   -2.763   -2.666   -2.630   -2.596   -2.501   -2.481   -2.294   -2.282   -2.208
   -2.191   -2.152   -2.063   -2.003   -1.529   -1.255   -1.253   -1.119    0.199    0.202
    1.045    1.051    1.189    1.244    1.352    1.383    1.428    1.538    1.599    1.643
    1.731    1.732    1.855    1.887    2.018    2.066    2.148    2.225    2.293    2.474
            0.154524 -0.089215  0.000000
  -15.580  -14.551  -14.414  -14.398  -14.295  -14.061  -13.975  -13.871  -13.752  -13.714
  -13.631  -13.499  -13.435  -13.334  -13.292  -13.111  -13.015   -7.035   -7.002   -6.865
   -6.852   -6.772   -6.738   -6.577   -6.511   -6.436   -6.257   -6.232   -5.987   -5.804
   -5.738   -5.491   -5.444   -5.376   -5.332   -5.304   -5.266   -5.228   -5.217   -5.068
   -4.923   -4.866   -4.767   -4.491   -4.422   -4.328   -4.181   -4.066   -4.038   -3.890
   -3.868   -3.713   -3.499   -3.459   -3.398   -3.232   -3.111   -3.029   -2.904   -2.893
   -2.761   -2.757   -2.687   -2.649   -2.616   -2.526   -2.478   -2.287   -2.272   -2.193
   -2.174   -2.137   -2.048   -1.986   -1.528   -1.267   -1.265   -1.124    0.203    0.206
    1.057    1.062    1.174    1.234    1.349    1.382    1.425    1.548    1.606    1.663
    1.745    1.749    1.857    1.894    2.016    2.076    2.137    2.225    2.273    2.455
            0.168572 -0.097325  0.000000
  -15.573  -14.579  -14.413  -14.408  -14.300  -14.044  -13.957  -13.867  -13.756  -13.720
  -13.630  -13.490  -13.423  -13.334  -13.298  -13.115  -13.019   -7.041   -7.011   -6.867
   -6.851   -6.771   -6.738   -6.566   -6.506   -6.427   -6.285   -6.256   -6.007   -5.815
   -5.749   -5.475   -5.420   -5.354   -5.326   -5.290   -5.251   -5.224   -5.205   -5.068
   -4.919   -4.848   -4.746   -4.496   -4.432   -4.325   -4.200   -4.084   -4.053   -3.891
   -3.886   -3.701   -3.514   -3.471   -3.396   -3.221   -3.112   -3.029   -2.900   -2.883
   -2.763   -2.757   -2.699   -2.666   -2.636   -2.551   -2.474   -2.280   -2.261   -2.178
   -2.158   -2.123   -2.032   -1.969   -1.527   -1.280   -1.278   -1.130    0.207    0.211
    1.068    1.074    1.160    1.225    1.346    1.381    1.422    1.559    1.614    1.683
    1.759    1.766    1.860    1.901    2.013    2.087    2.127    2.226    2.253    2.435
            0.182620 -0.105436  0.000000
  -15.565  -14.608  -14.419  -14.411  -14.304  -14.027  -13.940  -13.866  -13.756  -13.725
  -13.629  -13.480  -13.412  -13.334  -13.305  -13.119  -13.024   -7.058   -7.008   -6.868
   -6.852   -6.768   -6.738   -6.557   -6.502   -6.421   -6.311   -6.279   -6.027   -5.826
   -5.761   -5.461   -5.398   -5.343   -5.313   -5.277   -5.237   -5.219   -5.190   -5.066
   -4.915   -4.830   -4.724   -4.499   -4.442   -4.322   -4.218   -4.102   -4.070   -3.906
   -3.893   -3.687   -3.535   -3.479   -3.394   -3.209   -3.113   -3.027   -2.897   -2.874
   -2.771   -2.770   -2.700   -2.678   -2.655   -2.575   -2.468   -2.273   -2.249   -2.164
   -2.140   -2.110   -2.015   -1.953   -1.526   -1.294   -1.291   -1.136    0.211    0.215
    1.078    1.083    1.147    1.219    1.344    1.380    1.420    1.569    1.622    1.703
    1.774    1.783    1.863    1.908    2.007    2.099    2.119    2.226    2.234    2.415
            0.196667 -0.113546  0.000000
  -15.556  -14.636  -14.429  -14.410  -14.307  -14.009  -13.924  -13.869  -13.752  -13.730
  -13.628  -13.470  -13.402  -13.334  -13.313  -13.123  -13.030   -7.077   -7.001   -6.869
   -6.854   -6.764   -6.737   -6.547   -6.498   -6.418   -6.335   -6.299   -6.047   -5.837
   -5.774   -5.447   -5.376   -5.339   -5.297   -5.266   -5.223   -5.212   -5.170   -5.063
   -4.910   -4.810   -4.698   -4.502   -4.453   -4.320   -4.236   -4.119   -4.087   -3.926
   -3.895   -3.673   -3.558   -3.486   -3.390   -3.198   -3.115   -3.025   -2.895   -2.866
   -2.792   -2.781   -2.706   -2.686   -2.666   -2.597   -2.461   -2.265   -2.237   -2.150
   -2.122   -2.097   -1.998   -1.937   -1.525   -1.309   -1.305   -1.142    0.215    0.219
    1.086    1.091    1.136    1.215    1.343    1.380    1.420    1.578    1.630    1.720
    1.789    1.800    1.867    1.915    1.999    2.110    2.112    2.215    2.226    2.397
            0.210715 -0.121656  0.000000
  -15.547  -14.664  -14.439  -14.409  -14.309  -13.991  -13.910  -13.873  -13.745  -13.734
  -13.626  -13.460  -13.392  -13.334  -13.321  -13.128  -13.036   -7.098   -6.992   -6.870
   -6.857   -6.758   -6.736   -6.538   -6.497   -6.421   -6.353   -6.317   -6.067   -5.847
   -5.786   -5.434   -5.355   -5.337   -5.283   -5.257   -5.211   -5.204   -5.147   -5.058
   -4.905   -4.789   -4.671   -4.503   -4.464   -4.319   -4.254   -4.136   -4.106   -3.948
   -3.898   -3.657   -3.583   -3.493   -3.386   -3.186   -3.117   -3.023   -2.895   -2.861
   -2.816   -2.795   -2.724   -2.689   -2.668   -2.612   -2.452   -2.257   -2.225   -2.138
   -2.102   -2.085   -1.980   -1.921   -1.525   -1.324   -1.318   -1.149    0.219    0.224
    1.090    1.096    1.131    1.216    1.343    1.380    1.420    1.588    1.638    1.736
    1.804    1.816    1.873    1.923    1.988    2.107    2.120    2.198    2.225    2.381
            0.224763 -0.129767  0.000000
  -15.537  -14.693  -14.448  -14.408  -14.311  -13.974  -13.903  -13.875  -13.739  -13.736
  -13.623  -13.450  -13.384  -13.332  -13.329  -13.133  -13.042   -7.118   -6.984   -6.871
   -6.860   -6.752   -6.734   -6.529   -6.496   -6.431   -6.364   -6.333   -6.085   -5.858
   -5.800   -5.423   -5.336   -5.336   -5.270   -5.249   -5.200   -5.195   -5.121   -5.050
   -4.899   -4.768   -4.643   -4.502   -4.474   -4.318   -4.270   -4.152   -4.124   -3.970
   -3.902   -3.641   -3.609   -3.500   -3.381   -3.174   -3.120   -3.021   -2.896   -2.862
   -2.839   -2.806   -2.749   -2.690   -2.678   -2.613   -2.442   -2.249   -2.212   -2.125
   -2.082   -2.073   -1.962   -1.907   -1.525   -1.339   -1.332   -1.156    0.224    0.228
    1.087    1.098    1.133    1.219    1.344    1.380    1.422    1.597    1.646    1.750
    1.819    1.832    1.881    1.931    1.976    2.101    2.129    2.184    2.224    2.368
            0.238811 -0.137877  0.000000
  -15.526  -14.721  -14.457  -14.408  -14.312  -13.956  -13.907  -13.866  -13.743  -13.726
  -13.620  -13.440  -13.377  -13.338  -13.330  -13.137  -13.048   -7.138   -6.974   -6.872
   -6.864   -6.745   -6.731   -6.522   -6.497   -6.447   -6.370   -6.345   -6.104   -5.868
   -5.813   -5.413   -5.334   -5.317   -5.260   -5.244   -5.191   -5.185   -5.095   -5.040
   -4.894   -4.746   -4.613   -4.500   -4.485   -4.319   -4.285   -4.167   -4.144   -3.993
   -3.905   -3.636   -3.624   -3.507   -3.375   -3.163   -3.122   -3.020   -2.901   -2.875
   -2.862   -2.809   -2.777   -2.696   -2.690   -2.604   -2.431   -2.241   -2.199   -2.114
   -2.062   -2.062   -1.944   -1.892   -1.526   -1.354   -1.346   -1.163    0.228    0.232
    1.079    1.097    1.140    1.227    1.347    1.380    1.425    1.605    1.655    1.759
    1.832    1.847    1.890    1.939    1.965    2.093    2.135    2.175    2.224    2.359
            0.252858 -0.145988  0.000000
  -15.515  -14.749  -14.465  -14.408  -14.311  -13.938  -13.917  -13.854  -13.747  -13.715
  -13.617  -13.430  -13.372  -13.347  -13.326  -13.142  -13.055   -7.158   -6.965   -6.871
   -6.868   -6.739   -6.728   -6.515   -6.500   -6.466   -6.372   -6.355   -6.122   -5.878
   -5.827   -5.406   -5.331   -5.299   -5.250   -5.239   -5.183   -5.175   -5.070   -5.027
   -4.888   -4.726   -4.583   -4.495   -4.495   -4.321   -4.298   -4.179   -4.164   -4.017
   -3.909   -3.663   -3.607   -3.516   -3.368   -3.152   -3.124   -3.019   -2.910   -2.895
   -2.881   -2.806   -2.805   -2.718   -2.688   -2.591   -2.420   -2.232   -2.186   -2.103
   -2.052   -2.041   -1.925   -1.879   -1.527   -1.370   -1.359   -1.170    0.232    0.236
    1.069    1.094    1.148    1.236    1.351    1.381    1.428    1.614    1.663    1.765
    1.846    1.860    1.899    1.948    1.956    2.082    2.135    2.171    2.227    2.354
            0.266906 -0.154098  0.000000
  -15.503  -14.776  -14.473  -14.409  -14.310  -13.930  -13.920  -13.840  -13.750  -13.705
  -13.612  -13.420  -13.369  -13.356  -13.321  -13.147  -13.062   -7.176   -6.956   -6.871
   -6.870   -6.732   -6.725   -6.510   -6.504   -6.485   -6.373   -6.361   -6.139   -5.887
   -5.840   -5.400   -5.326   -5.281   -5.241   -5.235   -5.176   -5.165   -5.046   -5.010
   -4.881   -4.706   -4.555   -4.502   -4.488   -4.324   -4.308   -4.189   -4.184   -4.041
   -3.913   -3.690   -3.589   -3.525   -3.361   -3.141   -3.126   -3.021   -2.926   -2.918
   -2.895   -2.833   -2.800   -2.740   -2.685   -2.577   -2.408   -2.223   -2.173   -2.092
   -2.042   -2.020   -1.906   -1.865   -1.529   -1.386   -1.372   -1.178    0.235    0.240
    1.059    1.090    1.157    1.247    1.356    1.382    1.434    1.622    1.671    1.767
    1.858    1.868    1.908    1.955    1.957    2.068    2.129    2.171    2.233    2.354
            0.280954 -0.162209  0.000000
  -15.491  -14.804  -14.481  -14.410  -14.307  -13.943  -13.903  -13.826  -13.754  -13.696
  -13.607  -13.411  -13.367  -13.365  -13.315  -13.152  -13.069   -7.194   -6.947   -6.875
   -6.868   -6.727   -6.722   -6.511   -6.508   -6.498   -6.374   -6.365   -6.155   -5.897
   -5.855   -5.397   -5.321   -5.265   -5.232   -5.231   -5.170   -5.156   -5.023   -4.991
   -4.874   -4.688   -4.540   -4.499   -4.479   -4.329   -4.315   -4.204   -4.195   -4.066
   -3.916   -3.718   -3.571   -3.535   -3.353   -3.131   -3.127   -3.024   -2.946   -2.941
   -2.911   -2.858   -2.794   -2.763   -2.681   -2.563   -2.396   -2.213   -2.160   -2.082
   -2.033   -1.999   -1.887   -1.852   -1.531   -1.402   -1.385   -1.186    0.239    0.244
    1.049    1.085    1.167    1.258    1.362    1.383    1.439    1.630    1.680    1.765
    1.869    1.869    1.919    1.961    1.966    2.053    2.118    2.174    2.243    2.339
            0.295001 -0.170319  0.000000
  -15.478  -14.831  -14.488  -14.412  -14.304  -13.956  -13.886  -13.813  -13.756  -13.688
  -13.601  -13.405  -13.371  -13.367  -13.309  -13.157  -13.077   -7.212   -6.939   -6.878
   -6.864   -6.723   -6.720   -6.524   -6.512   -6.499   -6.375   -6.367   -6.171   -5.905
   -5.869   -5.396   -5.315   -5.249   -5.227   -5.224   -5.165   -5.147   -5.003   -4.968
   -4.867   -4.672   -4.541   -4.482   -4.469   -4.334   -4.316   -4.224   -4.199   -4.091
   -3.919   -3.745   -3.552   -3.545   -3.346   -3.128   -3.121   -3.034   -2.968   -2.960
   -2.933   -2.876   -2.788   -2.785   -2.677   -2.550   -2.384   -2.203   -2.148   -2.072
   -2.025   -1.979   -1.868   -1.840   -1.535   -1.418   -1.396   -1.194    0.242    0.247
    1.040    1.080    1.176    1.270    1.369    1.384    1.446    1.637    1.688    1.759
    1.864    1.878    1.931    1.972    1.977    2.039    2.103    2.180    2.255    2.323
            0.309049 -0.178429  0.000000
  -15.464  -14.858  -14.495  -14.414  -14.300  -13.970  -13.869  -13.800  -13.758  -13.680
  -13.594  -13.406  -13.372  -13.368  -13.302  -13.162  -13.085   -7.228   -6.933   -6.881
   -6.858   -6.721   -6.719   -6.539   -6.514   -6.499   -6.377   -6.368   -6.185   -5.914
   -5.883   -5.396   -5.308   -5.235   -5.223   -5.216   -5.160   -5.139   -4.983   -4.945
   -4.859   -4.656   -4.548   -4.466   -4.459   -4.340   -4.311   -4.243   -4.198   -4.116
   -3.921   -3.773   -3.555   -3.533   -3.337   -3.130   -3.112   -3.051   -2.991   -2.973
   -2.959   -2.889   -2.807   -2.782   -2.672   -2.537   -2.373   -2.193   -2.136   -2.061
   -2.017   -1.959   -1.849   -1.828   -1.540   -1.433   -1.407   -1.202    0.245    0.251
    1.031    1.075    1.184    1.281    1.378    1.385    1.453    1.645    1.696    1.750
    1.858    1.886    1.943    1.983    1.988    2.028    2.086    2.186    2.269    2.308
            0.323097 -0.186540  0.000000
  -15.450  -14.885  -14.501  -14.416  -14.294  -13.984  -13.853  -13.788  -13.759  -13.673
  -13.587  -13.413  -13.369  -13.366  -13.294  -13.167  -13.093   -7.244   -6.927   -6.884
   -6.850   -6.720   -6.719   -6.551   -6.515   -6.500   -6.379   -6.367   -6.199   -5.922
   -5.897   -5.397   -5.301   -5.224   -5.217   -5.209   -5.155   -5.131   -4.962   -4.923
   -4.851   -4.642   -4.557   -4.455   -4.451   -4.344   -4.302   -4.257   -4.195   -4.140
   -3.922   -3.799   -3.565   -3.515   -3.329   -3.132   -3.105   -3.074   -3.016   -2.985
   -2.979   -2.900   -2.827   -2.776   -2.667   -2.526   -2.362   -2.183   -2.125   -2.051
   -2.010   -1.939   -1.829   -1.816   -1.547   -1.449   -1.416   -1.211    0.248    0.254
    1.022    1.070    1.193    1.293    1.387    1.387    1.460    1.651    1.703    1.737
    1.852    1.892    1.953    1.988    2.000    2.026    2.069    2.192    2.284    2.297
            0.337144 -0.194650  0.000000
  -15.436  -14.911  -14.507  -14.418  -14.288  -13.997  -13.839  -13.777  -13.758  -13.667
  -13.581  -13.423  -13.370  -13.357  -13.287  -13.172  -13.101   -7.259   -6.922   -6.886
   -6.841   -6.722   -6.721   -6.561   -6.512   -6.502   -6.381   -6.367   -6.212   -5.929
   -5.912   -5.399   -5.294   -5.219   -5.207   -5.203   -5.150   -5.123   -4.942   -4.900
   -4.842   -4.629   -4.567   -4.451   -4.447   -4.346   -4.303   -4.251   -4.192   -4.160
   -3.922   -3.826   -3.575   -3.496   -3.321   -3.135   -3.100   -3.099   -3.046   -3.006
   -2.982   -2.912   -2.846   -2.771   -2.663   -2.516   -2.351   -2.173   -2.115   -2.042
   -2.003   -1.920   -1.810   -1.805   -1.554   -1.464   -1.425   -1.219    0.251    0.257
    1.014    1.066    1.201    1.304    1.389    1.396    1.467    1.658    1.711    1.723
    1.846    1.897    1.956    1.988    2.011    2.036    2.053    2.198    2.289    2.300
            0.351192 -0.202761  0.000000
  -15.421  -14.937  -14.513  -14.421  -14.282  -14.011  -13.826  -13.766  -13.755  -13.661
  -13.574  -13.435  -13.372  -13.347  -13.281  -13.177  -13.110   -7.272   -6.918   -6.889
   -6.830   -6.725   -6.725   -6.567   -6.508   -6.506   -6.384   -6.366   -6.223   -5.937
   -5.926   -5.401   -5.287   -5.216   -5.198   -5.197   -5.145   -5.115   -4.923   -4.878
   -4.833   -4.616   -4.575   -4.452   -4.448   -4.345   -4.319   -4.226   -4.202   -4.163
   -3.920   -3.852   -3.585   -3.477   -3.313   -3.148   -3.120   -3.098   -3.077   -3.022
   -2.982   -2.926   -2.862   -2.766   -2.658   -2.507   -2.340   -2.162   -2.105   -2.032
   -1.997   -1.902   -1.794   -1.791   -1.562   -1.479   -1.433   -1.227    0.254    0.259
    1.007    1.061    1.209    1.315    1.391    1.406    1.474    1.664    1.706    1.718
    1.841    1.900    1.949    1.993    2.014    2.046    2.051    2.203    2.286    2.316
            0.365240 -0.210871  0.000000
  -15.405  -14.962  -14.518  -14.423  -14.275  -14.024  -13.816  -13.756  -13.749  -13.655
  -13.568  -13.447  -13.374  -13.336  -13.274  -13.182  -13.119   -7.285   -6.914   -6.890
   -6.818   -6.731   -6.730   -6.570   -6.513   -6.502   -6.387   -6.365   -6.233   -5.943
   -5.940   -5.404   -5.280   -5.213   -5.193   -5.188   -5.139   -5.107   -4.904   -4.856
   -4.824   -4.604   -4.584   -4.455   -4.453   -4.343   -4.338   -4.222   -4.195   -4.151
   -3.916   -3.877   -3.594   -3.459   -3.306   -3.175   -3.126   -3.120   -3.090   -3.034
   -2.982   -2.941   -2.875   -2.762   -2.653   -2.499   -2.331   -2.152   -2.097   -2.022
   -1.991   -1.884   -1.784   -1.772   -1.572   -1.493   -1.440   -1.235    0.256    0.262
    1.000    1.057    1.217    1.325    1.393    1.415    1.481    1.669    1.690    1.724
    1.837    1.902    1.939    1.999    2.005    2.053    2.067    2.208    2.286    2.332
            0.379287 -0.218982  0.000000
  -15.389  -14.987  -14.522  -14.425  -14.268  -14.038  -13.810  -13.747  -13.740  -13.649
  -13.563  -13.461  -13.375  -13.326  -13.268  -13.186  -13.128   -7.296   -6.911   -6.891
   -6.806   -6.738   -6.735   -6.570   -6.520   -6.494   -6.391   -6.365   -6.242   -5.953
   -5.949   -5.407   -5.274   -5.210   -5.190   -5.180   -5.134   -5.099   -4.886   -4.834
   -4.815   -4.592   -4.591   -4.460   -4.459   -4.357   -4.343   -4.242   -4.164   -4.134
   -3.909   -3.900   -3.601   -3.442   -3.300   -3.208   -3.153   -3.128   -3.093   -3.042
   -2.981   -2.958   -2.886   -2.758   -2.649   -2.493   -2.322   -2.143   -2.089   -2.013
   -1.986   -1.867   -1.774   -1.754   -1.581   -1.507   -1.446   -1.243    0.258    0.264
    0.994    1.054    1.225    1.336    1.395    1.424    1.486    1.673    1.674    1.731
    1.834    1.903    1.927    1.991    2.005    2.067    2.082    2.212    2.290    2.348
            0.393335 -0.227092  0.000000
  -15.373  -15.012  -14.526  -14.427  -14.260  -14.050  -13.806  -13.740  -13.728  -13.643
  -13.559  -13.474  -13.377  -13.315  -13.262  -13.191  -13.137   -7.307   -6.908   -6.892
   -6.793   -6.745   -6.742   -6.568   -6.529   -6.484   -6.395   -6.365   -6.249   -5.966
   -5.954   -5.409   -5.269   -5.208   -5.187   -5.174   -5.128   -5.091   -4.869   -4.812
   -4.806   -4.598   -4.580   -4.467   -4.464   -4.376   -4.348   -4.259   -4.134   -4.115
   -3.923   -3.897   -3.607   -3.427   -3.296   -3.241   -3.185   -3.129   -3.097   -3.046
   -2.979   -2.976   -2.895   -2.755   -2.645   -2.487   -2.314   -2.134   -2.083   -2.004
   -1.981   -1.851   -1.764   -1.737   -1.591   -1.521   -1.452   -1.251    0.260    0.266
    0.988    1.051    1.233    1.345    1.397    1.433    1.491    1.657    1.679    1.736
    1.830    1.902    1.917    1.978    2.009    2.083    2.097    2.218    2.296    2.364
            0.407383 -0.235202  0.000000
  -15.356  -15.036  -14.530  -14.429  -14.252  -14.063  -13.804  -13.733  -13.714  -13.636
  -13.556  -13.488  -13.378  -13.304  -13.257  -13.195  -13.146   -7.316   -6.904   -6.893
   -6.782   -6.751   -6.748   -6.565   -6.540   -6.474   -6.401   -6.365   -6.255   -5.978
   -5.959   -5.411   -5.264   -5.205   -5.185   -5.169   -5.123   -5.084   -4.855   -4.797
   -4.789   -4.605   -4.570   -4.473   -4.469   -4.394   -4.358   -4.271   -4.108   -4.094
   -3.943   -3.881   -3.611   -3.416   -3.297   -3.274   -3.211   -3.130   -3.102   -3.050
   -2.994   -2.978   -2.902   -2.752   -2.641   -2.482   -2.306   -2.125   -2.078   -1.996
   -1.977   -1.835   -1.754   -1.721   -1.601   -1.533   -1.458   -1.258    0.261    0.268
    0.984    1.048    1.240    1.355    1.400    1.440    1.494    1.642    1.683    1.742
    1.827    1.900    1.907    1.966    2.012    2.099    2.111    2.223    2.303    2.380
            0.421430 -0.243313  0.000000
  -15.339  -15.059  -14.533  -14.431  -14.244  -14.075  -13.803  -13.728  -13.699  -13.630
  -13.554  -13.503  -13.380  -13.294  -13.251  -13.199  -13.155   -7.324   -6.901   -6.893
   -6.778   -6.754   -6.750   -6.561   -6.549   -6.463   -6.407   -6.366   -6.259   -5.989
   -5.963   -5.414   -5.260   -5.203   -5.183   -5.166   -5.118   -5.077   -4.843   -4.788
   -4.766   -4.610   -4.563   -4.476   -4.473   -4.411   -4.375   -4.278   -4.087   -4.074
   -3.962   -3.860   -3.613   -3.412   -3.307   -3.302   -3.227   -3.130   -3.107   -3.054
   -3.010   -2.976   -2.907   -2.749   -2.638   -2.478   -2.300   -2.118   -2.073   -1.988
   -1.974   -1.821   -1.745   -1.707   -1.609   -1.545   -1.464   -1.264    0.262    0.269
    0.979    1.045    1.247    1.363    1.402    1.447    1.496    1.629    1.686    1.747
    1.823    1.897    1.898    1.956    2.013    2.116    2.123    2.230    2.312    2.394
            0.435478 -0.251423  0.000000
  -15.322  -15.081  -14.535  -14.433  -14.236  -14.086  -13.803  -13.723  -13.684  -13.623
  -13.553  -13.518  -13.381  -13.284  -13.247  -13.203  -13.164   -7.331   -6.898   -6.894
   -6.782   -6.760   -6.740   -6.566   -6.551   -6.452   -6.413   -6.368   -6.262   -5.999
   -5.967   -5.416   -5.256   -5.201   -5.182   -5.163   -5.113   -5.070   -4.833   -4.780
   -4.742   -4.615   -4.559   -4.477   -4.477   -4.427   -4.394   -4.282   -4.071   -4.055
   -3.977   -3.833   -3.612   -3.420   -3.339   -3.306   -3.233   -3.131   -3.111   -3.060
   -3.024   -2.975   -2.912   -2.747   -2.635   -2.475   -2.294   -2.111   -2.069   -1.982
   -1.971   -1.807   -1.737   -1.696   -1.616   -1.556   -1.469   -1.270    0.264    0.271
    0.976    1.043    1.253    1.371    1.404    1.452    1.497    1.618    1.690    1.751
    1.820    1.891    1.894    1.949    2.013    2.132    2.134    2.236    2.321    2.397
            0.449526 -0.259534  0.000000
  -15.305  -15.103  -14.537  -14.434  -14.228  -14.096  -13.802  -13.720  -13.668  -13.617
  -13.553  -13.532  -13.381  -13.274  -13.242  -13.207  -13.173   -7.337   -6.894   -6.893
   -6.789   -6.765   -6.728   -6.577   -6.546   -6.441   -6.419   -6.371   -6.265   -6.007
   -5.970   -5.417   -5.253   -5.199   -5.181   -5.161   -5.109   -5.064   -4.824   -4.773
   -4.720   -4.618   -4.558   -4.480   -4.474   -4.441   -4.414   -4.285   -4.060   -4.041
   -3.988   -3.803   -3.609   -3.440   -3.370   -3.305   -3.233   -3.131   -3.115   -3.067
   -3.034   -2.973   -2.915   -2.745   -2.633   -2.472   -2.289   -2.106   -2.066   -1.976
   -1.969   -1.794   -1.729   -1.689   -1.620   -1.566   -1.475   -1.274    0.264    0.272
    0.973    1.042    1.259    1.377    1.406    1.457    1.496    1.610    1.692    1.754
    1.817    1.886    1.889    1.943    2.012    2.143    2.149    2.243    2.330    2.383
            0.463573 -0.267644  0.000000
  -15.289  -15.122  -14.539  -14.435  -14.222  -14.105  -13.803  -13.717  -13.652  -13.611
  -13.554  -13.547  -13.382  -13.265  -13.238  -13.211  -13.182   -7.341   -6.893   -6.891
   -6.795   -6.770   -6.715   -6.588   -6.540   -6.431   -6.426   -6.374   -6.266   -6.014
   -5.972   -5.419   -5.250   -5.198   -5.180   -5.160   -5.107   -5.060   -4.818   -4.766
   -4.699   -4.621   -4.560   -4.483   -4.470   -4.452   -4.432   -4.288   -4.052   -4.033
   -3.993   -3.771   -3.603   -3.468   -3.397   -3.301   -3.230   -3.131   -3.121   -3.075
   -3.042   -2.972   -2.918   -2.744   -2.631   -2.470   -2.286   -2.101   -2.064   -1.972
   -1.967   -1.783   -1.723   -1.687   -1.620   -1.574   -1.479   -1.278    0.265    0.273
    0.971    1.040    1.264    1.383    1.408    1.460    1.494    1.604    1.694    1.757
    1.815    1.881    1.885    1.940    2.011    2.150    2.164    2.248    2.337    2.366
            0.477621 -0.275755  0.000000
  -15.275  -15.139  -14.540  -14.436  -14.216  -14.112  -13.803  -13.715  -13.637  -13.606
  -13.562  -13.555  -13.382  -13.257  -13.234  -13.214  -13.189   -7.344   -6.893   -6.889
   -6.800   -6.773   -6.704   -6.599   -6.536   -6.431   -6.423   -6.378   -6.267   -6.019
   -5.974   -5.420   -5.248   -5.197   -5.179   -5.159   -5.104   -5.057   -4.813   -4.761
   -4.681   -4.623   -4.563   -4.485   -4.468   -4.460   -4.446   -4.289   -4.047   -4.032
   -3.991   -3.740   -3.596   -3.497   -3.420   -3.296   -3.226   -3.131   -3.127   -3.080
   -3.046   -2.971   -2.919   -2.743   -2.630   -2.469   -2.283   -2.098   -2.062   -1.968
   -1.966   -1.774   -1.718   -1.689   -1.618   -1.580   -1.483   -1.281    0.266    0.273
    0.969    1.040    1.268    1.387    1.409    1.463    1.492    1.600    1.695    1.759
    1.813    1.878    1.882    1.937    2.010    2.156    2.177    2.252    2.343    2.351
            0.491669 -0.283865  0.000000
  -15.264  -15.151  -14.541  -14.436  -14.212  -14.117  -13.803  -13.714  -13.624  -13.603
  -13.574  -13.556  -13.383  -13.251  -13.232  -13.217  -13.195   -7.346   -6.893   -6.887
   -6.804   -6.775   -6.695   -6.607   -6.533   -6.434   -6.416   -6.382   -6.268   -6.022
   -5.975   -5.420   -5.247   -5.196   -5.179   -5.158   -5.103   -5.055   -4.810   -4.758
   -4.668   -4.624   -4.565   -4.486   -4.470   -4.465   -4.452   -4.291   -4.044   -4.034
   -3.988   -3.716   -3.591   -3.520   -3.435   -3.292   -3.222   -3.133   -3.132   -3.082
   -3.050   -2.971   -2.920   -2.743   -2.629   -2.468   -2.281   -2.096   -2.061   -1.966
   -1.965   -1.767   -1.715   -1.691   -1.616   -1.584   -1.486   -1.283    0.266    0.274
    0.968    1.039    1.270    1.389    1.410    1.464    1.491    1.598    1.696    1.760
    1.812    1.876    1.880    1.936    2.010    2.159    2.186    2.254    2.340    2.347
            0.505716 -0.291975  0.000000
  -15.260  -15.155  -14.541  -14.436  -14.211  -14.119  -13.803  -13.714  -13.617  -13.602
  -13.580  -13.557  -13.383  -13.249  -13.230  -13.218  -13.197   -7.347   -6.893   -6.886
   -6.805   -6.775   -6.692   -6.610   -6.531   -6.435   -6.414   -6.383   -6.268   -6.023
   -5.975   -5.420   -5.247   -5.196   -5.179   -5.158   -5.103   -5.054   -4.809   -4.757
   -4.663   -4.624   -4.567   -4.487   -4.472   -4.467   -4.453   -4.291   -4.044   -4.034
   -3.987   -3.706   -3.588   -3.530   -3.441   -3.291   -3.220   -3.135   -3.132   -3.082
   -3.051   -2.971   -2.921   -2.742   -2.629   -2.467   -2.281   -2.096   -2.061   -1.966
   -1.965   -1.765   -1.714   -1.693   -1.615   -1.586   -1.487   -1.283    0.266    0.274
    0.968    1.039    1.271    1.390    1.411    1.465    1.490    1.597    1.697    1.760
    1.812    1.876    1.879    1.935    2.010    2.160    2.189    2.255    2.336    2.349
            0.497689 -0.305880  0.000000
  -15.259  -15.155  -14.549  -14.429  -14.210  -14.119  -13.805  -13.712  -13.624  -13.597
  -13.580  -13.556  -13.382  -13.251  -13.229  -13.218  -13.197   -7.347   -6.902   -6.882
   -6.804   -6.773   -6.692   -6.609   -6.532   -6.437   -6.412   -6.382   -6.268   -6.023
   -5.975   -5.420   -5.250   -5.204   -5.172   -5.155   -5.105   -5.050   -4.812   -4.754
   -4.663   -4.624   -4.568   -4.489   -4.472   -4.470   -4.445   -4.290   -4.046   -4.033
   -3.987   -3.708   -3.592   -3.525   -3.439   -3.291   -3.221   -3.137   -3.131   -3.083
   -3.053   -2.968   -2.921   -2.741   -2.629   -2.467   -2.280   -2.099   -2.060   -1.977
   -1.950   -1.765   -1.714   -1.693   -1.615   -1.586   -1.486   -1.283    0.260    0.280
    0.968    1.040    1.271    1.385    1.415    1.465    1.491    1.597    1.696    1.761
    1.811    1.875    1.879    1.935    2.010    2.160    2.189    2.255    2.336    2.347
            0.489661 -0.319784  0.000000
  -15.259  -15.154  -14.567  -14.410  -14.210  -14.118  -13.813  -13.706  -13.635  -13.590
  -13.579  -13.554  -13.382  -13.256  -13.225  -13.218  -13.197   -7.346   -6.915   -6.880
   -6.801   -6.766   -6.691   -6.609   -6.534   -6.442   -6.409   -6.379   -6.269   -6.024
   -5.973   -5.421   -5.259   -5.219   -5.163   -5.147   -5.110   -5.039   -4.820   -4.746
   -4.661   -4.624   -4.573   -4.494   -4.473   -4.470   -4.432   -4.289   -4.052   -4.031
   -3.986   -3.712   -3.601   -3.514   -3.434   -3.292   -3.224   -3.143   -3.131   -3.085
   -3.059   -2.961   -2.922   -2.739   -2.629   -2.468   -2.277   -2.109   -2.058   -1.986
   -1.934   -1.766   -1.714   -1.693   -1.616   -1.586   -1.485   -1.283    0.251    0.289
    0.968    1.042    1.269    1.375    1.422    1.465    1.493    1.598    1.696    1.762
    1.808    1.874    1.879    1.935    2.012    2.160    2.189    2.253    2.335    2.342
            0.481634 -0.333688  0.000000
  -15.257  -15.153  -14.590  -14.387  -14.209  -14.117  -13.823  -13.698  -13.646  -13.588
  -13.573  -13.552  -13.382  -13.262  -13.221  -13.217  -13.196   -7.344   -6.930   -6.884
   -6.794   -6.757   -6.690   -6.608   -6.536   -6.448   -6.406   -6.374   -6.269   -6.024
   -5.970   -5.421   -5.271   -5.236   -5.160   -5.133   -5.111   -5.026   -4.828   -4.737
   -4.659   -4.625   -4.579   -4.501   -4.474   -4.467   -4.415   -4.286   -4.059   -4.030
   -3.984   -3.718   -3.613   -3.499   -3.426   -3.294   -3.228   -3.151   -3.131   -3.088
   -3.067   -2.952   -2.924   -2.734   -2.629   -2.468   -2.271   -2.124   -2.054   -1.990
   -1.918   -1.767   -1.715   -1.693   -1.617   -1.587   -1.482   -1.283    0.243    0.299
    0.969    1.046    1.267    1.363    1.429    1.465    1.496    1.599    1.695    1.764
    1.804    1.872    1.879    1.935    2.014    2.160    2.190    2.251    2.332    2.334
            0.473606 -0.347592  0.000000
  -15.255  -15.151  -14.615  -14.362  -14.207  -14.116  -13.835  -13.689  -13.659  -13.590
  -13.564  -13.549  -13.381  -13.269  -13.220  -13.214  -13.196   -7.342   -6.946   -6.892
   -6.785   -6.747   -6.688   -6.606   -6.540   -6.456   -6.404   -6.367   -6.270   -6.025
   -5.965   -5.422   -5.286   -5.253   -5.162   -5.118   -5.107   -5.011   -4.837   -4.728
   -4.657   -4.626   -4.585   -4.509   -4.476   -4.464   -4.398   -4.281   -4.068   -4.028
   -3.983   -3.726   -3.626   -3.483   -3.415   -3.296   -3.234   -3.163   -3.132   -3.093
   -3.074   -2.942   -2.926   -2.728   -2.630   -2.469   -2.264   -2.144   -2.049   -1.991
   -1.902   -1.768   -1.716   -1.694   -1.619   -1.588   -1.479   -1.282    0.235    0.308
    0.970    1.052    1.265    1.351    1.433    1.466    1.500    1.600    1.693    1.766
    1.800    1.870    1.877    1.935    2.018    2.161    2.190    2.248    2.323    2.330
            0.465579 -0.361496  0.000000
  -15.252  -15.149  -14.642  -14.335  -14.206  -14.115  -13.848  -13.682  -13.671  -13.590
  -13.555  -13.546  -13.380  -13.276  -13.221  -13.209  -13.195   -7.339   -6.962   -6.903
   -6.774   -6.737   -6.685   -6.604   -6.544   -6.464   -6.402   -6.358   -6.272   -6.026
   -5.960   -5.424   -5.302   -5.270   -5.168   -5.105   -5.094   -4.996   -4.845   -4.720
   -4.653   -4.627   -4.590   -4.516   -4.478   -4.460   -4.381   -4.275   -4.078   -4.028
   -3.980   -3.735   -3.639   -3.467   -3.402   -3.299   -3.241   -3.178   -3.133   -3.099
   -3.079   -2.934   -2.924   -2.722   -2.632   -2.470   -2.257   -2.167   -2.043   -1.989
   -1.886   -1.771   -1.716   -1.696   -1.621   -1.589   -1.476   -1.282    0.227    0.317
    0.971    1.058    1.261    1.339    1.435    1.469    1.505    1.602    1.691    1.767
    1.795    1.868    1.873    1.935    2.022    2.162    2.189    2.244    2.311    2.327
            0.457551 -0.375400  0.000000
  -15.249  -15.147  -14.668  -14.308  -14.203  -14.113  -13.862  -13.687  -13.673  -13.589
  -13.546  -13.543  -13.379  -13.284  -13.222  -13.205  -13.194   -7.335   -6.978   -6.915
   -6.762   -6.727   -6.682   -6.603   -6.548   -6.472   -6.401   -6.348   -6.274   -6.027
   -5.954   -5.427   -5.320   -5.285   -5.175   -5.095   -5.076   -4.981   -4.851   -4.715
   -4.651   -4.630   -4.590   -4.523   -4.480   -4.455   -4.366   -4.265   -4.088   -4.028
   -3.978   -3.744   -3.652   -3.453   -3.386   -3.303   -3.249   -3.196   -3.134   -3.107
   -3.083   -2.932   -2.916   -2.715   -2.633   -2.471   -2.249   -2.190   -2.036   -1.985
   -1.872   -1.773   -1.716   -1.698   -1.622   -1.590   -1.471   -1.281    0.219    0.327
    0.974    1.065    1.257    1.326    1.434    1.473    1.512    1.604    1.689    1.767
    1.791    1.867    1.869    1.936    2.027    2.163    2.189    2.239    2.299    2.322
            0.449524 -0.389304  0.000000
  -15.245  -15.143  -14.695  -14.281  -14.201  -14.111  -13.876  -13.700  -13.670  -13.585
  -13.540  -13.537  -13.378  -13.291  -13.223  -13.200  -13.193   -7.331   -6.994   -6.928
   -6.750   -6.717   -6.678   -6.601   -6.552   -6.480   -6.401   -6.337   -6.276   -6.028
   -5.947   -5.432   -5.339   -5.299   -5.182   -5.085   -5.057   -4.965   -4.857   -4.711
   -4.650   -4.635   -4.587   -4.529   -4.483   -4.451   -4.354   -4.253   -4.098   -4.028
   -3.974   -3.752   -3.665   -3.442   -3.369   -3.305   -3.259   -3.216   -3.137   -3.113
   -3.085   -2.932   -2.905   -2.707   -2.635   -2.473   -2.248   -2.208   -2.028   -1.979
   -1.858   -1.776   -1.716   -1.700   -1.624   -1.592   -1.467   -1.280    0.212    0.336
    0.977    1.073    1.253    1.313    1.432    1.477    1.520    1.607    1.686    1.764
    1.788    1.861    1.868    1.937    2.032    2.164    2.188    2.234    2.287    2.318
            0.441496 -0.403208  0.000000
  -15.240  -15.140  -14.722  -14.255  -14.197  -14.108  -13.890  -13.714  -13.670  -13.578
  -13.537  -13.529  -13.377  -13.299  -13.224  -13.197  -13.192   -7.326   -7.010   -6.941
   -6.739   -6.707   -6.674   -6.599   -6.557   -6.489   -6.401   -6.325   -6.279   -6.029
   -5.939   -5.441   -5.355   -5.311   -5.189   -5.075   -5.037   -4.949   -4.860   -4.708
   -4.651   -4.640   -4.581   -4.535   -4.486   -4.446   -4.345   -4.238   -4.107   -4.029
   -3.969   -3.761   -3.678   -3.436   -3.351   -3.306   -3.269   -3.236   -3.140   -3.118
   -3.087   -2.933   -2.894   -2.700   -2.638   -2.475   -2.264   -2.209   -2.019   -1.971
   -1.846   -1.780   -1.717   -1.701   -1.625   -1.595   -1.463   -1.279    0.206    0.344
    0.982    1.082    1.248    1.299    1.429    1.480    1.529    1.610    1.682    1.759
    1.785    1.853    1.870    1.939    2.038    2.164    2.187    2.227    2.276    2.312
            0.433469 -0.417112  0.000000
  -15.235  -15.136  -14.748  -14.231  -14.192  -14.104  -13.904  -13.728  -13.672  -13.569
  -13.533  -13.522  -13.376  -13.307  -13.225  -13.194  -13.191   -7.321   -7.026   -6.954
   -6.728   -6.697   -6.669   -6.598   -6.561   -6.497   -6.402   -6.312   -6.283   -6.030
   -5.930   -5.456   -5.369   -5.321   -5.196   -5.065   -5.018   -4.934   -4.863   -4.706
   -4.654   -4.644   -4.574   -4.539   -4.490   -4.442   -4.338   -4.224   -4.114   -4.029
   -3.962   -3.768   -3.690   -3.438   -3.332   -3.306   -3.281   -3.254   -3.143   -3.122
   -3.089   -2.933   -2.883   -2.694   -2.641   -2.478   -2.290   -2.200   -2.010   -1.962
   -1.835   -1.783   -1.719   -1.702   -1.626   -1.598   -1.459   -1.279    0.200    0.353
    0.988    1.090    1.242    1.286    1.425    1.484    1.538    1.613    1.678    1.754
    1.782    1.845    1.873    1.942    2.044    2.165    2.186    2.219    2.267    2.307
            0.425441 -0.431016  0.000000
  -15.229  -15.132  -14.775  -14.210  -14.183  -14.100  -13.918  -13.742  -13.676  -13.559
  -13.530  -13.515  -13.376  -13.316  -13.226  -13.192  -13.189   -7.315   -7.041   -6.968
   -6.718   -6.688   -6.663   -6.597   -6.565   -6.504   -6.403   -6.299   -6.287   -6.031
   -5.921   -5.476   -5.377   -5.331   -5.202   -5.055   -4.998   -4.919   -4.864   -4.705
   -4.659   -4.648   -4.570   -4.540   -4.492   -4.437   -4.334   -4.214   -4.116   -4.029
   -3.954   -3.775   -3.701   -3.446   -3.319   -3.310   -3.286   -3.265   -3.145   -3.125
   -3.090   -2.933   -2.872   -2.688   -2.643   -2.482   -2.318   -2.189   -2.001   -1.951
   -1.826   -1.786   -1.723   -1.701   -1.627   -1.601   -1.455   -1.278    0.194    0.361
    0.995    1.099    1.237    1.273    1.420    1.488    1.548    1.617    1.673    1.747
    1.778    1.835    1.878    1.945    2.050    2.165    2.184    2.210    2.259    2.301
            0.417413 -0.444921  0.000000
  -15.223  -15.127  -14.800  -14.198  -14.168  -14.094  -13.932  -13.756  -13.682  -13.547
  -13.527  -13.509  -13.375  -13.324  -13.227  -13.191  -13.186   -7.309   -7.055   -6.981
   -6.709   -6.679   -6.657   -6.596   -6.569   -6.511   -6.405   -6.292   -6.285   -6.031
   -5.912   -5.499   -5.382   -5.339   -5.207   -5.045   -4.980   -4.904   -4.864   -4.705
   -4.665   -4.651   -4.571   -4.538   -4.493   -4.433   -4.331   -4.209   -4.114   -4.028
   -3.945   -3.782   -3.711   -3.461   -3.338   -3.300   -3.283   -3.263   -3.148   -3.127
   -3.091   -2.933   -2.861   -2.685   -2.646   -2.487   -2.345   -2.177   -1.992   -1.940
   -1.819   -1.786   -1.727   -1.699   -1.629   -1.604   -1.451   -1.278    0.189    0.368
    1.003    1.108    1.231    1.260    1.415    1.491    1.558    1.621    1.669    1.741
    1.773    1.825    1.883    1.950    2.056    2.164    2.182    2.201    2.255    2.294
            0.409386 -0.458825  0.000000
  -15.216  -15.123  -14.826  -14.191  -14.150  -14.085  -13.946  -13.771  -13.689  -13.535
  -13.524  -13.502  -13.375  -13.332  -13.228  -13.190  -13.184   -7.303   -7.068   -6.993
   -6.701   -6.671   -6.651   -6.595   -6.574   -6.518   -6.406   -6.296   -6.272   -6.032
   -5.901   -5.525   -5.385   -5.347   -5.212   -5.035   -4.963   -4.890   -4.862   -4.704
   -4.670   -4.654   -4.576   -4.536   -4.491   -4.428   -4.330   -4.209   -4.109   -4.024
   -3.934   -3.787   -3.719   -3.479   -3.364   -3.306   -3.268   -3.250   -3.149   -3.128
   -3.092   -2.933   -2.851   -2.685   -2.647   -2.493   -2.370   -2.165   -1.982   -1.929
   -1.816   -1.784   -1.731   -1.697   -1.630   -1.607   -1.448   -1.277    0.184    0.375
    1.013    1.116    1.224    1.248    1.410    1.495    1.569    1.625    1.663    1.735
    1.767    1.814    1.888    1.956    2.062    2.162    2.178    2.193    2.252    2.287
            0.401358 -0.472729  0.000000
  -15.208  -15.118  -14.850  -14.185  -14.135  -14.074  -13.958  -13.785  -13.696  -13.524
  -13.521  -13.496  -13.375  -13.341  -13.229  -13.189  -13.181   -7.296   -7.081   -7.006
   -6.694   -6.663   -6.644   -6.595   -6.579   -6.524   -6.408   -6.301   -6.258   -6.032
   -5.891   -5.552   -5.387   -5.354   -5.216   -5.025   -4.947   -4.878   -4.857   -4.703
   -4.675   -4.657   -4.582   -4.537   -4.484   -4.423   -4.329   -4.214   -4.101   -4.019
   -3.923   -3.792   -3.724   -3.500   -3.391   -3.316   -3.250   -3.233   -3.150   -3.129
   -3.093   -2.934   -2.842   -2.688   -2.646   -2.501   -2.392   -2.154   -1.973   -1.918
   -1.816   -1.778   -1.735   -1.696   -1.632   -1.611   -1.445   -1.277    0.180    0.381
    1.024    1.124    1.217    1.237    1.404    1.498    1.579    1.629    1.659    1.729
    1.761    1.804    1.893    1.963    2.067    2.159    2.173    2.186    2.253    2.280
            0.393331 -0.486633  0.000000
  -15.200  -15.113  -14.874  -14.180  -14.123  -14.058  -13.970  -13.800  -13.704  -13.518
  -13.513  -13.489  -13.376  -13.350  -13.230  -13.188  -13.180   -7.290   -7.092   -7.017
   -6.687   -6.656   -6.637   -6.595   -6.585   -6.529   -6.409   -6.307   -6.245   -6.033
   -5.881   -5.579   -5.387   -5.360   -5.219   -5.016   -4.934   -4.869   -4.849   -4.702
   -4.680   -4.659   -4.589   -4.542   -4.474   -4.417   -4.330   -4.221   -4.093   -4.012
   -3.914   -3.794   -3.726   -3.523   -3.419   -3.327   -3.233   -3.215   -3.150   -3.128
   -3.094   -2.937   -2.833   -2.695   -2.645   -2.511   -2.410   -2.144   -1.964   -1.908
   -1.818   -1.771   -1.738   -1.694   -1.634   -1.615   -1.442   -1.276    0.177    0.386
    1.035    1.131    1.209    1.229    1.398    1.501    1.589    1.632    1.655    1.723
    1.755    1.793    1.896    1.972    2.072    2.155    2.166    2.182    2.255    2.272
            0.385303 -0.500537  0.000000
  -15.192  -15.109  -14.896  -14.175  -14.116  -14.041  -13.979  -13.814  -13.711  -13.515
  -13.505  -13.480  -13.377  -13.358  -13.230  -13.187  -13.179   -7.283   -7.102   -7.028
   -6.681   -6.649   -6.630   -6.595   -6.590   -6.535   -6.410   -6.312   -6.233   -6.033
   -5.871   -5.604   -5.388   -5.365   -5.222   -5.008   -4.922   -4.863   -4.837   -4.701
   -4.684   -4.661   -4.596   -4.549   -4.464   -4.410   -4.331   -4.229   -4.086   -4.004
   -3.908   -3.791   -3.725   -3.546   -3.447   -3.337   -3.216   -3.197   -3.148   -3.126
   -3.094   -2.941   -2.825   -2.704   -2.642   -2.521   -2.423   -2.135   -1.955   -1.900
   -1.820   -1.763   -1.741   -1.693   -1.636   -1.618   -1.440   -1.276    0.174    0.391
    1.048    1.136    1.198    1.223    1.393    1.505    1.599    1.632    1.653    1.718
    1.749    1.783    1.899    1.981    2.077    2.149    2.159    2.180    2.257    2.266
            0.377276 -0.514441  0.000000
  -15.183  -15.105  -14.917  -14.170  -14.110  -14.028  -13.981  -13.829  -13.719  -13.512
  -13.500  -13.469  -13.378  -13.367  -13.231  -13.186  -13.178   -7.278   -7.110   -7.039
   -6.675   -6.643   -6.623   -6.596   -6.594   -6.541   -6.411   -6.317   -6.221   -6.033
   -5.862   -5.628   -5.388   -5.369   -5.225   -5.000   -4.914   -4.859   -4.826   -4.698
   -4.687   -4.663   -4.603   -4.557   -4.455   -4.403   -4.333   -4.237   -4.079   -3.996
   -3.908   -3.785   -3.720   -3.569   -3.474   -3.347   -3.201   -3.183   -3.145   -3.122
   -3.094   -2.949   -2.817   -2.715   -2.640   -2.532   -2.432   -2.127   -1.946   -1.895
   -1.822   -1.754   -1.742   -1.693   -1.639   -1.622   -1.438   -1.276    0.171    0.395
    1.061    1.141    1.187    1.219    1.387    1.508    1.608    1.631    1.654    1.713
    1.743    1.773    1.901    1.992    2.080    2.143    2.152    2.180    2.254    2.265
            0.369248 -0.528345  0.000000
  -15.173  -15.103  -14.935  -14.165  -14.107  -14.024  -13.973  -13.844  -13.726  -13.509
  -13.497  -13.458  -13.380  -13.375  -13.231  -13.185  -13.177   -7.272   -7.116   -7.048
   -6.671   -6.637   -6.616   -6.600   -6.594   -6.547   -6.412   -6.321   -6.211   -6.033
   -5.853   -5.648   -5.387   -5.373   -5.227   -4.993   -4.907   -4.855   -4.815   -4.694
   -4.689   -4.663   -4.611   -4.566   -4.447   -4.395   -4.336   -4.244   -4.072   -3.988
   -3.912   -3.776   -3.710   -3.591   -3.500   -3.356   -3.187   -3.173   -3.141   -3.116
   -3.091   -2.961   -2.811   -2.726   -2.638   -2.541   -2.437   -2.121   -1.937   -1.892
   -1.824   -1.745   -1.743   -1.694   -1.641   -1.625   -1.437   -1.276    0.169    0.398
    1.075    1.143    1.175    1.217    1.382    1.510    1.616    1.629    1.655    1.709
    1.738    1.764    1.902    2.002    2.084    2.138    2.144    2.182    2.246    2.269
            0.361221 -0.542249  0.000000
  -15.163  -15.102  -14.951  -14.160  -14.106  -14.026  -13.957  -13.858  -13.733  -13.506
  -13.496  -13.446  -13.385  -13.380  -13.232  -13.184  -13.177   -7.268   -7.120   -7.056
   -6.667   -6.632   -6.611   -6.602   -6.593   -6.555   -6.412   -6.325   -6.202   -6.033
   -5.847   -5.665   -5.387   -5.376   -5.228   -4.988   -4.902   -4.851   -4.807   -4.693
   -4.689   -4.661   -4.619   -4.576   -4.440   -4.387   -4.339   -4.250   -4.064   -3.982
   -3.918   -3.767   -3.697   -3.609   -3.525   -3.363   -3.177   -3.167   -3.137   -3.105
   -3.084   -2.977   -2.806   -2.737   -2.637   -2.549   -2.441   -2.115   -1.929   -1.892
   -1.824   -1.744   -1.735   -1.696   -1.644   -1.628   -1.436   -1.277    0.167    0.401
    1.089    1.144    1.164    1.217    1.378    1.512    1.621    1.630    1.656    1.706
    1.735    1.756    1.903    2.011    2.087    2.133    2.136    2.186    2.238    2.274
            0.353193 -0.556153  0.000000
  -15.153  -15.105  -14.962  -14.156  -14.105  -14.030  -13.939  -13.872  -13.739  -13.503
  -13.495  -13.434  -13.393  -13.383  -13.232  -13.183  -13.178   -7.266   -7.122   -7.062
   -6.665   -6.627   -6.612   -6.598   -6.592   -6.563   -6.412   -6.327   -6.195   -6.033
   -5.842   -5.678   -5.386   -5.378   -5.229   -4.984   -4.898   -4.849   -4.801   -4.695
   -4.685   -4.656   -4.626   -4.585   -4.436   -4.379   -4.343   -4.255   -4.057   -3.978
   -3.926   -3.761   -3.684   -3.621   -3.548   -3.369   -3.169   -3.164   -3.136   -3.093
   -3.074   -2.998   -2.802   -2.745   -2.636   -2.554   -2.443   -2.112   -1.922   -1.893
   -1.825   -1.744   -1.726   -1.699   -1.646   -1.631   -1.436   -1.277    0.166    0.402
    1.103    1.143    1.152    1.217    1.375    1.514    1.620    1.636    1.656    1.703
    1.733    1.749    1.903    2.017    2.092    2.128    2.130    2.190    2.230    2.277
            0.345166 -0.570057  0.000000
  -15.143  -15.110  -14.969  -14.152  -14.106  -14.033  -13.922  -13.885  -13.743  -13.501
  -13.495  -13.424  -13.401  -13.385  -13.232  -13.182  -13.179   -7.264   -7.123   -7.067
   -6.663   -6.625   -6.614   -6.593   -6.589   -6.572   -6.412   -6.329   -6.191   -6.033
   -5.840   -5.685   -5.386   -5.379   -5.230   -4.982   -4.896   -4.848   -4.798   -4.695
   -4.683   -4.648   -4.633   -4.593   -4.433   -4.372   -4.346   -4.258   -4.052   -3.975
   -3.932   -3.757   -3.676   -3.622   -3.566   -3.373   -3.165   -3.161   -3.136   -3.078
   -3.062   -3.024   -2.799   -2.750   -2.636   -2.557   -2.444   -2.109   -1.916   -1.896
   -1.825   -1.743   -1.718   -1.703   -1.647   -1.633   -1.436   -1.277    0.166    0.403
    1.116    1.140    1.143    1.218    1.372    1.515    1.619    1.642    1.655    1.701
    1.734    1.743    1.903    2.022    2.097    2.121    2.127    2.195    2.224    2.279
            0.337138 -0.583962  0.000000
  -15.138  -15.114  -14.971  -14.151  -14.107  -14.034  -13.914  -13.892  -13.744  -13.500
  -13.496  -13.418  -13.405  -13.386  -13.232  -13.181  -13.180   -7.264   -7.123   -7.068
   -6.663   -6.623   -6.614   -6.591   -6.584   -6.578   -6.412   -6.330   -6.190   -6.033
   -5.839   -5.687   -5.386   -5.380   -5.230   -4.981   -4.895   -4.847   -4.797   -4.696
   -4.682   -4.641   -4.638   -4.597   -4.432   -4.369   -4.348   -4.259   -4.050   -3.974
   -3.934   -3.756   -3.675   -3.619   -3.575   -3.375   -3.164   -3.160   -3.136   -3.067
   -3.050   -3.046   -2.799   -2.751   -2.635   -2.557   -2.444   -2.109   -1.913   -1.897
   -1.825   -1.743   -1.714   -1.705   -1.648   -1.633   -1.436   -1.277    0.166    0.404
    1.125    1.135    1.140    1.218    1.372    1.515    1.619    1.646    1.652    1.701
    1.736    1.739    1.903    2.023    2.100    2.118    2.126    2.197    2.221    2.280
            0.329111 -0.570058  0.000000
  -15.144  -15.108  -14.969  -14.152  -14.106  -14.033  -13.921  -13.887  -13.742  -13.501
  -13.495  -13.423  -13.403  -13.384  -13.232  -13.182  -13.178   -7.264   -7.124   -7.066
   -6.663   -6.624   -6.614   -6.595   -6.585   -6.573   -6.412   -6.329   -6.191   -6.033
   -5.840   -5.685   -5.386   -5.379   -5.230   -4.982   -4.896   -4.848   -4.797   -4.695
   -4.683   -4.645   -4.637   -4.592   -4.433   -4.373   -4.345   -4.258   -4.052   -3.975
   -3.931   -3.756   -3.675   -3.624   -3.566   -3.373   -3.165   -3.161   -3.136   -3.086
   -3.042   -3.034   -2.799   -2.750   -2.636   -2.557   -2.444   -2.109   -1.916   -1.896
   -1.825   -1.744   -1.717   -1.703   -1.648   -1.632   -1.436   -1.277    0.166    0.403
    1.118    1.135    1.147    1.218    1.372    1.515    1.619    1.642    1.655    1.702
    1.733    1.744    1.903    2.022    2.097    2.120    2.128    2.195    2.224    2.279
            0.321084 -0.556154  0.000000
  -15.158  -15.097  -14.964  -14.157  -14.103  -14.031  -13.934  -13.880  -13.737  -13.504
  -13.494  -13.430  -13.402  -13.377  -13.232  -13.184  -13.176   -7.265   -7.124   -7.061
   -6.664   -6.627   -6.613   -6.604   -6.583   -6.564   -6.412   -6.327   -6.196   -6.033
   -5.840   -5.680   -5.386   -5.378   -5.229   -4.984   -4.899   -4.849   -4.799   -4.695
   -4.687   -4.647   -4.641   -4.578   -4.435   -4.381   -4.340   -4.257   -4.058   -3.978
   -3.925   -3.756   -3.674   -3.635   -3.549   -3.368   -3.173   -3.165   -3.139   -3.108
   -3.025   -3.022   -2.802   -2.746   -2.636   -2.555   -2.443   -2.112   -1.921   -1.894
   -1.825   -1.745   -1.724   -1.701   -1.648   -1.629   -1.436   -1.276    0.166    0.402
    1.109    1.132    1.158    1.216    1.375    1.514    1.620    1.634    1.659    1.703
    1.730    1.752    1.903    2.019    2.090    2.122    2.135    2.189    2.231    2.278
            0.313057 -0.542250  0.000000
  -15.175  -15.084  -14.957  -14.164  -14.098  -14.028  -13.948  -13.876  -13.727  -13.509
  -13.493  -13.438  -13.404  -13.369  -13.231  -13.187  -13.174   -7.266   -7.126   -7.052
   -6.667   -6.632   -6.612   -6.612   -6.580   -6.556   -6.412   -6.325   -6.203   -6.033
   -5.838   -5.673   -5.386   -5.377   -5.228   -4.987   -4.904   -4.850   -4.802   -4.697
   -4.690   -4.648   -4.645   -4.560   -4.439   -4.394   -4.333   -4.256   -4.067   -3.982
   -3.917   -3.753   -3.674   -3.642   -3.532   -3.359   -3.194   -3.171   -3.141   -3.114
   -3.010   -3.008   -2.805   -2.739   -2.636   -2.551   -2.443   -2.115   -1.928   -1.893
   -1.824   -1.746   -1.732   -1.699   -1.649   -1.623   -1.435   -1.276    0.167    0.401
    1.100    1.128    1.168    1.215    1.379    1.514    1.622    1.626    1.662    1.706
    1.727    1.761    1.903    2.015    2.082    2.124    2.143    2.183    2.239    2.277
            0.305030 -0.528346  0.000000
  -15.193  -15.070  -14.947  -14.173  -14.091  -14.024  -13.961  -13.875  -13.714  -13.514
  -13.493  -13.446  -13.407  -13.360  -13.231  -13.190  -13.172   -7.267   -7.127   -7.041
   -6.671   -6.639   -6.618   -6.611   -6.577   -6.547   -6.413   -6.321   -6.213   -6.033
   -5.836   -5.664   -5.386   -5.375   -5.228   -4.992   -4.911   -4.853   -4.804   -4.708
   -4.688   -4.651   -4.643   -4.541   -4.443   -4.409   -4.326   -4.257   -4.076   -3.986
   -3.909   -3.746   -3.680   -3.641   -3.517   -3.347   -3.225   -3.177   -3.141   -3.113
   -3.000   -2.991   -2.809   -2.731   -2.637   -2.547   -2.444   -2.121   -1.935   -1.894
   -1.824   -1.750   -1.741   -1.698   -1.651   -1.615   -1.434   -1.275    0.168    0.398
    1.092    1.125    1.176    1.213    1.384    1.514    1.616    1.624    1.664    1.710
    1.726    1.771    1.904    2.010    2.074    2.126    2.150    2.176    2.245    2.279
            0.297003 -0.514442  0.000000
  -15.212  -15.056  -14.937  -14.183  -14.084  -14.019  -13.975  -13.878  -13.698  -13.520
  -13.494  -13.454  -13.409  -13.352  -13.229  -13.194  -13.169   -7.268   -7.129   -7.028
   -6.678   -6.645   -6.623   -6.611   -6.573   -6.539   -6.413   -6.317   -6.225   -6.032
   -5.831   -5.654   -5.385   -5.373   -5.227   -4.997   -4.920   -4.858   -4.805   -4.722
   -4.684   -4.655   -4.639   -4.521   -4.448   -4.425   -4.318   -4.261   -4.084   -3.992
   -3.902   -3.733   -3.688   -3.636   -3.505   -3.332   -3.257   -3.181   -3.139   -3.109
   -2.992   -2.974   -2.814   -2.722   -2.638   -2.543   -2.444   -2.127   -1.943   -1.896
   -1.824   -1.755   -1.749   -1.696   -1.654   -1.607   -1.433   -1.274    0.170    0.395
    1.084    1.122    1.181    1.212    1.391    1.514    1.606    1.626    1.667    1.712
    1.727    1.782    1.905    2.006    2.066    2.129    2.156    2.169    2.246    2.288
            0.288976 -0.500538  0.000000
  -15.231  -15.041  -14.925  -14.193  -14.076  -14.015  -13.988  -13.881  -13.681  -13.527
  -13.496  -13.462  -13.412  -13.345  -13.228  -13.198  -13.165   -7.268   -7.130   -7.013
   -6.687   -6.650   -6.628   -6.610   -6.569   -6.530   -6.414   -6.313   -6.238   -6.031
   -5.825   -5.644   -5.384   -5.371   -5.226   -5.003   -4.930   -4.865   -4.806   -4.737
   -4.679   -4.658   -4.633   -4.503   -4.455   -4.441   -4.310   -4.269   -4.090   -3.997
   -3.895   -3.718   -3.696   -3.629   -3.500   -3.319   -3.282   -3.184   -3.135   -3.104
   -2.986   -2.958   -2.818   -2.712   -2.639   -2.538   -2.445   -2.135   -1.951   -1.899
   -1.826   -1.763   -1.756   -1.692   -1.657   -1.599   -1.431   -1.273    0.172    0.392
    1.077    1.119    1.183    1.213    1.398    1.514    1.595    1.627    1.668    1.714
    1.731    1.793    1.907    2.001    2.057    2.133    2.159    2.162    2.244    2.301
            0.280948 -0.486635  0.000000
  -15.250  -15.025  -14.912  -14.204  -14.068  -14.012  -13.999  -13.886  -13.663  -13.535
  -13.499  -13.470  -13.413  -13.339  -13.225  -13.203  -13.161   -7.267   -7.130   -6.996
   -6.700   -6.652   -6.633   -6.610   -6.564   -6.522   -6.415   -6.308   -6.252   -6.030
   -5.819   -5.634   -5.383   -5.368   -5.225   -5.010   -4.941   -4.873   -4.806   -4.754
   -4.673   -4.659   -4.627   -4.494   -4.461   -4.451   -4.302   -4.280   -4.094   -4.001
   -3.890   -3.713   -3.692   -3.620   -3.502   -3.316   -3.290   -3.185   -3.132   -3.098
   -2.981   -2.942   -2.822   -2.702   -2.639   -2.532   -2.447   -2.144   -1.960   -1.905
   -1.830   -1.772   -1.762   -1.688   -1.661   -1.592   -1.429   -1.271    0.174    0.388
    1.070    1.116    1.181    1.215    1.405    1.514    1.586    1.628    1.670    1.714
    1.738    1.805    1.910    1.996    2.049    2.136    2.155    2.160    2.240    2.316
            0.272921 -0.472731  0.000000
  -15.269  -15.008  -14.899  -14.215  -14.059  -14.018  -14.002  -13.892  -13.645  -13.544
  -13.504  -13.477  -13.415  -13.334  -13.223  -13.208  -13.157   -7.266   -7.130   -6.979
   -6.714   -6.653   -6.637   -6.610   -6.560   -6.514   -6.416   -6.305   -6.264   -6.028
   -5.811   -5.624   -5.382   -5.365   -5.224   -5.017   -4.952   -4.883   -4.807   -4.771
   -4.667   -4.658   -4.620   -4.505   -4.463   -4.448   -4.296   -4.292   -4.095   -4.004
   -3.885   -3.722   -3.675   -3.607   -3.512   -3.320   -3.283   -3.181   -3.128   -3.091
   -2.978   -2.928   -2.824   -2.692   -2.640   -2.527   -2.450   -2.154   -1.969   -1.911
   -1.835   -1.782   -1.769   -1.686   -1.661   -1.584   -1.426   -1.268    0.176    0.383
    1.065    1.114    1.177    1.218    1.412    1.513    1.579    1.627    1.672    1.714
    1.746    1.816    1.913    1.992    2.040    2.139    2.149    2.157    2.238    2.327
            0.264894 -0.458827  0.000000
  -15.288  -14.992  -14.884  -14.225  -14.051  -14.030  -13.998  -13.897  -13.627  -13.553
  -13.509  -13.485  -13.415  -13.330  -13.219  -13.213  -13.153   -7.264   -7.129   -6.961
   -6.729   -6.654   -6.642   -6.611   -6.556   -6.506   -6.419   -6.304   -6.272   -6.025
   -5.803   -5.615   -5.381   -5.362   -5.223   -5.025   -4.963   -4.895   -4.808   -4.789
   -4.664   -4.652   -4.614   -4.527   -4.466   -4.435   -4.308   -4.286   -4.094   -4.005
   -3.880   -3.735   -3.661   -3.589   -3.528   -3.316   -3.278   -3.174   -3.123   -3.082
   -2.978   -2.917   -2.823   -2.683   -2.640   -2.522   -2.453   -2.166   -1.978   -1.919
   -1.842   -1.793   -1.776   -1.689   -1.657   -1.577   -1.422   -1.265    0.178    0.378
    1.060    1.112    1.173    1.220    1.418    1.509    1.575    1.625    1.674    1.714
    1.755    1.828    1.917    1.989    2.031    2.136    2.149    2.151    2.236    2.330
            0.256867 -0.444923  0.000000
  -15.306  -14.974  -14.870  -14.236  -14.043  -14.041  -13.994  -13.902  -13.610  -13.563
  -13.515  -13.492  -13.415  -13.327  -13.220  -13.214  -13.148   -7.261   -7.127   -6.942
   -6.744   -6.656   -6.644   -6.611   -6.552   -6.498   -6.422   -6.307   -6.273   -6.022
   -5.794   -5.606   -5.379   -5.359   -5.222   -5.034   -4.974   -4.907   -4.813   -4.806
   -4.662   -4.642   -4.608   -4.552   -4.470   -4.425   -4.319   -4.280   -4.091   -4.005
   -3.876   -3.751   -3.654   -3.565   -3.545   -3.304   -3.276   -3.164   -3.118   -3.071
   -2.979   -2.907   -2.819   -2.677   -2.637   -2.517   -2.457   -2.178   -1.987   -1.928
   -1.852   -1.804   -1.783   -1.696   -1.647   -1.571   -1.419   -1.261    0.181    0.372
    1.056    1.110    1.168    1.221    1.424    1.503    1.574    1.622    1.676    1.715
    1.766    1.838    1.921    1.986    2.022    2.127    2.142    2.153    2.236    2.331
            0.248840 -0.431019  0.000000
  -15.324  -14.956  -14.854  -14.246  -14.055  -14.034  -13.989  -13.906  -13.594  -13.575
  -13.521  -13.499  -13.414  -13.326  -13.226  -13.210  -13.142   -7.257   -7.124   -6.922
   -6.760   -6.661   -6.644   -6.613   -6.548   -6.491   -6.427   -6.314   -6.269   -6.019
   -5.786   -5.597   -5.378   -5.355   -5.221   -5.044   -4.985   -4.920   -4.829   -4.813
   -4.661   -4.631   -4.606   -4.576   -4.472   -4.424   -4.323   -4.274   -4.088   -4.003
   -3.874   -3.768   -3.653   -3.558   -3.536   -3.287   -3.275   -3.154   -3.113   -3.057
   -2.982   -2.901   -2.812   -2.674   -2.632   -2.513   -2.462   -2.192   -1.997   -1.938
   -1.862   -1.815   -1.790   -1.705   -1.634   -1.564   -1.415   -1.257    0.183    0.366
    1.053    1.108    1.164    1.222    1.428    1.493    1.576    1.619    1.678    1.717
    1.777    1.848    1.926    1.984    2.015    2.116    2.131    2.158    2.238    2.331
            0.240813 -0.417115  0.000000
  -15.342  -14.938  -14.838  -14.257  -14.067  -14.026  -13.985  -13.908  -13.587  -13.580
  -13.527  -13.506  -13.413  -13.325  -13.233  -13.205  -13.136   -7.252   -7.121   -6.903
   -6.776   -6.666   -6.643   -6.614   -6.544   -6.484   -6.433   -6.320   -6.263   -6.015
   -5.777   -5.589   -5.376   -5.352   -5.221   -5.054   -4.996   -4.933   -4.849   -4.819
   -4.658   -4.618   -4.616   -4.588   -4.473   -4.431   -4.318   -4.269   -4.084   -4.000
   -3.876   -3.785   -3.656   -3.564   -3.505   -3.278   -3.264   -3.145   -3.107   -3.040
   -2.985   -2.897   -2.802   -2.675   -2.624   -2.509   -2.467   -2.206   -2.006   -1.949
   -1.875   -1.827   -1.797   -1.716   -1.620   -1.558   -1.410   -1.252    0.186    0.359
    1.051    1.106    1.161    1.221    1.430    1.482    1.580    1.615    1.679    1.720
    1.788    1.857    1.929    1.981    2.013    2.105    2.118    2.163    2.240    2.332
            0.232786 -0.403212  0.000000
  -15.360  -14.919  -14.822  -14.267  -14.079  -14.020  -13.981  -13.909  -13.600  -13.572
  -13.531  -13.511  -13.412  -13.325  -13.240  -13.200  -13.130   -7.246   -7.116   -6.883
   -6.791   -6.672   -6.641   -6.616   -6.540   -6.478   -6.440   -6.324   -6.255   -6.010
   -5.769   -5.581   -5.374   -5.348   -5.221   -5.065   -5.005   -4.947   -4.869   -4.827
   -4.655   -4.641   -4.604   -4.590   -4.473   -4.444   -4.308   -4.262   -4.080   -3.997
   -3.886   -3.795   -3.661   -3.566   -3.475   -3.277   -3.241   -3.139   -3.101   -3.024
   -2.988   -2.894   -2.790   -2.679   -2.615   -2.507   -2.472   -2.221   -2.016   -1.961
   -1.888   -1.839   -1.804   -1.728   -1.605   -1.553   -1.406   -1.246    0.188    0.352
    1.049    1.105    1.158    1.220    1.430    1.470    1.582    1.612    1.679    1.725
    1.798    1.867    1.931    1.975    2.016    2.092    2.104    2.166    2.243    2.334
            0.224759 -0.389308  0.000000
  -15.377  -14.900  -14.805  -14.277  -14.090  -14.017  -13.975  -13.909  -13.613  -13.570
  -13.534  -13.511  -13.410  -13.325  -13.248  -13.195  -13.123   -7.240   -7.111   -6.864
   -6.807   -6.678   -6.641   -6.618   -6.536   -6.473   -6.446   -6.327   -6.247   -6.005
   -5.761   -5.575   -5.372   -5.344   -5.221   -5.076   -5.014   -4.962   -4.889   -4.837
   -4.669   -4.651   -4.593   -4.588   -4.470   -4.457   -4.298   -4.254   -4.077   -3.996
   -3.903   -3.796   -3.667   -3.564   -3.446   -3.273   -3.216   -3.135   -3.096   -3.016
   -2.981   -2.892   -2.777   -2.683   -2.607   -2.506   -2.476   -2.237   -2.026   -1.973
   -1.902   -1.852   -1.812   -1.742   -1.588   -1.548   -1.401   -1.240    0.191    0.345
    1.048    1.104    1.157    1.217    1.427    1.459    1.581    1.611    1.679    1.731
    1.808    1.878    1.932    1.966    2.025    2.078    2.090    2.169    2.248    2.337
            0.216732 -0.375404  0.000000
  -15.393  -14.880  -14.788  -14.286  -14.102  -14.016  -13.968  -13.907  -13.628  -13.575
  -13.539  -13.506  -13.408  -13.326  -13.256  -13.189  -13.117   -7.232   -7.105   -6.846
   -6.821   -6.683   -6.642   -6.620   -6.532   -6.470   -6.450   -6.329   -6.238   -5.999
   -5.753   -5.568   -5.370   -5.341   -5.221   -5.088   -5.022   -4.977   -4.910   -4.850
   -4.696   -4.646   -4.600   -4.574   -4.472   -4.461   -4.291   -4.241   -4.076   -4.002
   -3.917   -3.789   -3.672   -3.561   -3.423   -3.264   -3.190   -3.132   -3.090   -3.018
   -2.962   -2.891   -2.764   -2.689   -2.598   -2.508   -2.479   -2.253   -2.037   -1.986
   -1.917   -1.865   -1.820   -1.756   -1.571   -1.543   -1.396   -1.234    0.193    0.337
    1.049    1.103    1.156    1.214    1.419    1.451    1.577    1.612    1.679    1.740
    1.816    1.890    1.931    1.957    2.036    2.064    2.075    2.171    2.252    2.342
            0.208705 -0.361500  0.000000
  -15.409  -14.860  -14.770  -14.296  -14.113  -14.017  -13.959  -13.904  -13.643  -13.583
  -13.545  -13.497  -13.405  -13.327  -13.264  -13.184  -13.110   -7.223   -7.098   -6.840
   -6.824   -6.688   -6.645   -6.622   -6.526   -6.471   -6.450   -6.330   -6.227   -5.992
   -5.746   -5.563   -5.369   -5.337   -5.222   -5.100   -5.029   -4.993   -4.931   -4.867
   -4.721   -4.642   -4.611   -4.559   -4.478   -4.455   -4.288   -4.225   -4.080   -4.016
   -3.922   -3.779   -3.677   -3.556   -3.405   -3.248   -3.163   -3.129   -3.085   -3.024
   -2.939   -2.890   -2.751   -2.695   -2.591   -2.513   -2.479   -2.269   -2.047   -2.000
   -1.933   -1.878   -1.828   -1.771   -1.554   -1.538   -1.391   -1.227    0.196    0.329
    1.050    1.102    1.157    1.210    1.408    1.445    1.571    1.612    1.678    1.750
    1.823    1.904    1.927    1.948    2.041    2.050    2.068    2.172    2.257    2.345
            0.200677 -0.347596  0.000000
  -15.424  -14.840  -14.752  -14.305  -14.124  -14.021  -13.949  -13.899  -13.658  -13.593
  -13.551  -13.488  -13.401  -13.328  -13.273  -13.178  -13.102   -7.213   -7.090   -6.854
   -6.809   -6.692   -6.650   -6.623   -6.519   -6.474   -6.447   -6.330   -6.216   -5.985
   -5.740   -5.558   -5.367   -5.333   -5.223   -5.112   -5.036   -5.009   -4.952   -4.886
   -4.745   -4.639   -4.626   -4.545   -4.479   -4.445   -4.287   -4.207   -4.093   -4.029
   -3.918   -3.767   -3.681   -3.550   -3.394   -3.225   -3.140   -3.126   -3.081   -3.029
   -2.915   -2.889   -2.739   -2.702   -2.587   -2.519   -2.477   -2.285   -2.058   -2.014
   -1.949   -1.892   -1.836   -1.786   -1.539   -1.530   -1.385   -1.220    0.198    0.321
    1.052    1.102    1.158    1.206    1.394    1.440    1.563    1.612    1.676    1.762
    1.829    1.918    1.922    1.942    2.030    2.035    2.078    2.172    2.261    2.346
            0.192650 -0.333692  0.000000
  -15.439  -14.819  -14.734  -14.314  -14.134  -14.025  -13.939  -13.894  -13.675  -13.604
  -13.558  -13.481  -13.397  -13.329  -13.282  -13.173  -13.095   -7.202   -7.082   -6.868
   -6.796   -6.695   -6.655   -6.625   -6.511   -6.476   -6.443   -6.331   -6.205   -5.977
   -5.733   -5.554   -5.365   -5.330   -5.224   -5.125   -5.043   -5.026   -4.973   -4.909
   -4.766   -4.650   -4.630   -4.533   -4.476   -4.434   -4.288   -4.190   -4.115   -4.034
   -3.910   -3.752   -3.685   -3.543   -3.389   -3.197   -3.133   -3.109   -3.078   -3.031
   -2.892   -2.887   -2.729   -2.707   -2.584   -2.524   -2.475   -2.302   -2.069   -2.029
   -1.965   -1.907   -1.845   -1.802   -1.533   -1.513   -1.379   -1.212    0.200    0.313
    1.055    1.102    1.160    1.201    1.379    1.435    1.555    1.610    1.673    1.775
    1.833    1.911    1.931    1.941    2.015    2.020    2.092    2.171    2.265    2.342
            0.184623 -0.319788  0.000000
  -15.454  -14.797  -14.715  -14.322  -14.144  -14.031  -13.928  -13.888  -13.692  -13.616
  -13.564  -13.475  -13.391  -13.330  -13.292  -13.167  -13.088   -7.191   -7.073   -6.881
   -6.786   -6.697   -6.661   -6.627   -6.501   -6.477   -6.439   -6.332   -6.192   -5.968
   -5.728   -5.550   -5.363   -5.326   -5.226   -5.137   -5.051   -5.041   -4.994   -4.935
   -4.785   -4.671   -4.626   -4.524   -4.469   -4.420   -4.289   -4.182   -4.133   -4.034
   -3.900   -3.736   -3.689   -3.536   -3.387   -3.167   -3.131   -3.089   -3.076   -3.026
   -2.889   -2.865   -2.725   -2.709   -2.586   -2.528   -2.472   -2.318   -2.080   -2.043
   -1.982   -1.921   -1.855   -1.819   -1.530   -1.494   -1.372   -1.205    0.201    0.305
    1.058    1.103    1.162    1.196    1.364    1.430    1.546    1.607    1.669    1.787
    1.837    1.900    1.932    1.952    2.000    2.008    2.107    2.171    2.267    2.333
            0.176596 -0.305885  0.000000
  -15.467  -14.776  -14.696  -14.330  -14.154  -14.037  -13.916  -13.882  -13.709  -13.628
  -13.570  -13.471  -13.384  -13.330  -13.302  -13.162  -13.081   -7.178   -7.064   -6.895
   -6.780   -6.700   -6.665   -6.629   -6.491   -6.476   -6.434   -6.333   -6.179   -5.958
   -5.723   -5.548   -5.361   -5.324   -5.228   -5.149   -5.065   -5.051   -5.016   -4.963
   -4.802   -4.693   -4.623   -4.516   -4.463   -4.405   -4.291   -4.195   -4.128   -4.031
   -3.890   -3.718   -3.692   -3.529   -3.387   -3.148   -3.120   -3.080   -3.072   -3.011
   -2.889   -2.841   -2.730   -2.703   -2.592   -2.529   -2.469   -2.333   -2.091   -2.058
   -1.999   -1.936   -1.865   -1.835   -1.527   -1.475   -1.364   -1.197    0.203    0.296
    1.062    1.104    1.163    1.191    1.350    1.425    1.537    1.603    1.664    1.797
    1.843    1.888    1.930    1.956    1.985    2.005    2.119    2.170    2.269    2.321
            0.168569 -0.291981  0.000000
  -15.481  -14.754  -14.677  -14.338  -14.163  -14.043  -13.905  -13.876  -13.727  -13.640
  -13.576  -13.469  -13.376  -13.331  -13.312  -13.157  -13.073   -7.165   -7.054   -6.907
   -6.778   -6.706   -6.665   -6.629   -6.482   -6.471   -6.429   -6.334   -6.164   -5.948
   -5.718   -5.546   -5.359   -5.321   -5.231   -5.160   -5.082   -5.057   -5.038   -4.993
   -4.817   -4.715   -4.621   -4.509   -4.458   -4.389   -4.293   -4.215   -4.111   -4.028
   -3.881   -3.703   -3.691   -3.522   -3.389   -3.149   -3.096   -3.075   -3.063   -2.989
   -2.890   -2.818   -2.736   -2.697   -2.601   -2.528   -2.467   -2.348   -2.102   -2.073
   -2.017   -1.952   -1.876   -1.851   -1.525   -1.455   -1.356   -1.190    0.204    0.288
    1.067    1.106    1.163    1.188    1.336    1.419    1.529    1.599    1.658    1.803
    1.848    1.876    1.928    1.947    1.973    2.017    2.127    2.171    2.271    2.311
            0.160542 -0.278077  0.000000
  -15.493  -14.731  -14.658  -14.345  -14.172  -14.050  -13.894  -13.870  -13.746  -13.653
  -13.582  -13.469  -13.368  -13.331  -13.322  -13.152  -13.066   -7.151   -7.044   -6.919
   -6.778   -6.714   -6.665   -6.628   -6.478   -6.459   -6.423   -6.336   -6.149   -5.938
   -5.714   -5.544   -5.358   -5.319   -5.234   -5.171   -5.101   -5.064   -5.060   -5.023
   -4.830   -4.737   -4.620   -4.502   -4.459   -4.372   -4.292   -4.231   -4.091   -4.023
   -3.872   -3.702   -3.676   -3.516   -3.391   -3.154   -3.090   -3.061   -3.043   -2.963
   -2.892   -2.795   -2.744   -2.693   -2.611   -2.524   -2.465   -2.361   -2.114   -2.087
   -2.034   -1.967   -1.889   -1.867   -1.524   -1.435   -1.348   -1.182    0.205    0.279
    1.072    1.108    1.160    1.186    1.324    1.414    1.520    1.594    1.652    1.805
    1.850    1.866    1.923    1.938    1.961    2.035    2.131    2.172    2.273    2.304
            0.152515 -0.264173  0.000000
  -15.505  -14.709  -14.638  -14.352  -14.180  -14.057  -13.884  -13.864  -13.764  -13.665
  -13.588  -13.470  -13.360  -13.335  -13.329  -13.146  -13.060   -7.135   -7.034   -6.929
   -6.780   -6.724   -6.666   -6.626   -6.475   -6.446   -6.414   -6.337   -6.133   -5.927
   -5.710   -5.543   -5.356   -5.318   -5.238   -5.182   -5.121   -5.083   -5.075   -5.048
   -4.843   -4.758   -4.622   -4.496   -4.463   -4.355   -4.289   -4.239   -4.070   -4.018
   -3.865   -3.706   -3.655   -3.509   -3.393   -3.162   -3.092   -3.054   -3.009   -2.936
   -2.894   -2.774   -2.751   -2.691   -2.623   -2.519   -2.465   -2.372   -2.126   -2.101
   -2.052   -1.983   -1.903   -1.881   -1.523   -1.415   -1.339   -1.175    0.205    0.271
    1.078    1.111    1.154    1.187    1.313    1.409    1.512    1.589    1.645    1.802
    1.843    1.862    1.909    1.941    1.951    2.055    2.130    2.171    2.272    2.305
            0.144488 -0.250269  0.000000
  -15.517  -14.686  -14.618  -14.359  -14.189  -14.064  -13.875  -13.858  -13.781  -13.676
  -13.593  -13.473  -13.352  -13.346  -13.329  -13.141  -13.053   -7.120   -7.025   -6.938
   -6.783   -6.734   -6.668   -6.622   -6.473   -6.434   -6.402   -6.338   -6.116   -5.915
   -5.706   -5.543   -5.356   -5.318   -5.243   -5.193   -5.141   -5.106   -5.098   -5.060
   -4.854   -4.778   -4.629   -4.492   -4.469   -4.341   -4.281   -4.240   -4.049   -4.012
   -3.858   -3.709   -3.634   -3.502   -3.395   -3.170   -3.093   -3.050   -2.973   -2.910
   -2.893   -2.762   -2.751   -2.691   -2.633   -2.513   -2.466   -2.380   -2.138   -2.115
   -2.070   -2.000   -1.919   -1.895   -1.523   -1.396   -1.329   -1.168    0.205    0.263
    1.084    1.112    1.148    1.189    1.305    1.404    1.503    1.584    1.637    1.796
    1.832    1.858    1.893    1.941    1.951    2.076    2.127    2.168    2.268    2.315
            0.136461 -0.236365  0.000000
  -15.528  -14.662  -14.598  -14.365  -14.196  -14.071  -13.869  -13.852  -13.796  -13.687
  -13.598  -13.477  -13.357  -13.345  -13.327  -13.137  -13.046   -7.103   -7.017   -6.944
   -6.788   -6.745   -6.671   -6.618   -6.473   -6.423   -6.385   -6.338   -6.099   -5.903
   -5.703   -5.543   -5.355   -5.320   -5.248   -5.204   -5.163   -5.130   -5.124   -5.065
   -4.864   -4.797   -4.640   -4.494   -4.469   -4.331   -4.270   -4.233   -4.030   -4.006
   -3.853   -3.713   -3.612   -3.496   -3.397   -3.180   -3.095   -3.046   -2.938   -2.904
   -2.875   -2.767   -2.737   -2.694   -2.639   -2.506   -2.469   -2.386   -2.151   -2.129
   -2.087   -2.017   -1.936   -1.909   -1.523   -1.377   -1.319   -1.161    0.205    0.255
    1.088    1.112    1.142    1.191    1.300    1.400    1.495    1.579    1.629    1.785
    1.819    1.849    1.880    1.934    1.963    2.094    2.124    2.164    2.263    2.330
            0.128434 -0.222462  0.000000
  -15.538  -14.639  -14.578  -14.371  -14.204  -14.078  -13.869  -13.850  -13.805  -13.696
  -13.602  -13.481  -13.369  -13.341  -13.323  -13.132  -13.040   -7.086   -7.012   -6.946
   -6.792   -6.754   -6.675   -6.615   -6.474   -6.415   -6.366   -6.333   -6.081   -5.890
   -5.700   -5.544   -5.356   -5.323   -5.255   -5.218   -5.186   -5.154   -5.148   -5.068
   -4.874   -4.814   -4.656   -4.498   -4.463   -4.325   -4.257   -4.219   -4.013   -3.997
   -3.848   -3.717   -3.589   -3.490   -3.399   -3.190   -3.096   -3.043   -2.915   -2.896
   -2.848   -2.774   -2.726   -2.698   -2.640   -2.498   -2.474   -2.389   -2.164   -2.142
   -2.105   -2.034   -1.954   -1.922   -1.523   -1.358   -1.309   -1.154    0.205    0.247
    1.091    1.109    1.139    1.195    1.298    1.396    1.487    1.574    1.620    1.771
    1.807    1.835    1.871    1.926    1.976    2.108    2.120    2.164    2.260    2.349
            0.120406 -0.208558  0.000000
  -15.548  -14.615  -14.558  -14.376  -14.211  -14.085  -13.876  -13.851  -13.804  -13.704
  -13.606  -13.486  -13.381  -13.338  -13.317  -13.127  -13.034   -7.069   -7.012   -6.944
   -6.798   -6.763   -6.679   -6.613   -6.477   -6.412   -6.344   -6.324   -6.062   -5.877
   -5.697   -5.546   -5.359   -5.327   -5.261   -5.237   -5.207   -5.174   -5.169   -5.070
   -4.883   -4.830   -4.676   -4.500   -4.455   -4.323   -4.243   -4.200   -4.002   -3.983
   -3.844   -3.722   -3.567   -3.485   -3.400   -3.200   -3.097   -3.040   -2.916   -2.866
   -2.825   -2.778   -2.722   -2.703   -2.634   -2.490   -2.479   -2.389   -2.177   -2.155
   -2.122   -2.051   -1.971   -1.935   -1.524   -1.340   -1.298   -1.147    0.204    0.239
    1.091    1.101    1.141    1.199    1.298    1.394    1.480    1.569    1.611    1.755
    1.794    1.819    1.866    1.919    1.989    2.110    2.119    2.172    2.257    2.369
            0.112379 -0.194654  0.000000
  -15.557  -14.591  -14.539  -14.381  -14.217  -14.092  -13.892  -13.854  -13.796  -13.709
  -13.610  -13.491  -13.394  -13.336  -13.310  -13.123  -13.029   -7.051   -7.014   -6.938
   -6.804   -6.771   -6.684   -6.613   -6.481   -6.413   -6.321   -6.309   -6.043   -5.863
   -5.695   -5.548   -5.365   -5.332   -5.268   -5.265   -5.223   -5.191   -5.189   -5.071
   -4.892   -4.845   -4.699   -4.501   -4.447   -4.322   -4.227   -4.178   -3.995   -3.966
   -3.841   -3.726   -3.546   -3.479   -3.401   -3.210   -3.098   -3.038   -2.921   -2.838
   -2.812   -2.772   -2.723   -2.707   -2.621   -2.491   -2.476   -2.388   -2.190   -2.167
   -2.139   -2.069   -1.989   -1.949   -1.525   -1.322   -1.288   -1.141    0.202    0.232
    1.087    1.092    1.147    1.206    1.301    1.392    1.473    1.564    1.602    1.737
    1.781    1.801    1.862    1.912    2.000    2.104    2.122    2.185    2.257    2.390
            0.104352 -0.180750  0.000000
  -15.566  -14.567  -14.519  -14.384  -14.223  -14.100  -13.911  -13.858  -13.785  -13.713
  -13.614  -13.497  -13.406  -13.335  -13.304  -13.118  -13.024   -7.033   -7.018   -6.929
   -6.810   -6.776   -6.688   -6.613   -6.487   -6.418   -6.296   -6.289   -6.024   -5.849
   -5.693   -5.552   -5.377   -5.337   -5.298   -5.274   -5.238   -5.205   -5.203   -5.071
   -4.900   -4.859   -4.722   -4.499   -4.438   -4.324   -4.210   -4.154   -3.989   -3.950
   -3.838   -3.730   -3.526   -3.472   -3.402   -3.220   -3.100   -3.035   -2.927   -2.826
   -2.803   -2.754   -2.724   -2.708   -2.605   -2.496   -2.467   -2.386   -2.203   -2.179
   -2.156   -2.087   -2.007   -1.963   -1.526   -1.305   -1.277   -1.135    0.201    0.225
    1.079    1.081    1.156    1.214    1.306    1.392    1.467    1.558    1.593    1.718
    1.768    1.783    1.860    1.905    2.008    2.094    2.126    2.200    2.260    2.412
            0.096325 -0.166846  0.000000
  -15.574  -14.543  -14.500  -14.387  -14.229  -14.107  -13.932  -13.864  -13.773  -13.714
  -13.617  -13.504  -13.419  -13.335  -13.297  -13.114  -13.019   -7.027   -7.011   -6.920
   -6.817   -6.780   -6.693   -6.613   -6.493   -6.426   -6.270   -6.266   -6.004   -5.835
   -5.690   -5.556   -5.393   -5.345   -5.328   -5.281   -5.257   -5.216   -5.214   -5.071
   -4.907   -4.871   -4.744   -4.495   -4.429   -4.326   -4.193   -4.130   -3.983   -3.935
   -3.835   -3.734   -3.509   -3.464   -3.402   -3.229   -3.102   -3.033   -2.933   -2.834
   -2.790   -2.743   -2.715   -2.701   -2.588   -2.500   -2.457   -2.384   -2.215   -2.191
   -2.173   -2.105   -2.025   -1.978   -1.527   -1.289   -1.266   -1.129    0.199    0.218
    1.069    1.070    1.167    1.224    1.311    1.392    1.461    1.552    1.585    1.699
    1.754    1.765    1.858    1.899    2.014    2.084    2.133    2.211    2.268    2.433
            0.088298 -0.152942  0.000000
  -15.581  -14.518  -14.481  -14.389  -14.234  -14.115  -13.954  -13.871  -13.761  -13.713
  -13.620  -13.510  -13.432  -13.334  -13.291  -13.111  -13.014   -7.032   -6.993   -6.910
   -6.824   -6.782   -6.697   -6.615   -6.500   -6.436   -6.242   -6.241   -5.984   -5.820
   -5.688   -5.561   -5.414   -5.372   -5.340   -5.289   -5.277   -5.223   -5.222   -5.070
   -4.914   -4.883   -4.765   -4.491   -4.420   -4.328   -4.175   -4.106   -3.978   -3.924
   -3.831   -3.739   -3.496   -3.452   -3.403   -3.239   -3.105   -3.030   -2.938   -2.847
   -2.785   -2.746   -2.692   -2.684   -2.571   -2.503   -2.446   -2.381   -2.228   -2.203
   -2.190   -2.123   -2.042   -1.994   -1.528   -1.274   -1.256   -1.123    0.197    0.212
    1.057    1.060    1.180    1.235    1.318    1.394    1.455    1.545    1.578    1.679
    1.741    1.747    1.856    1.892    2.017    2.074    2.142    2.217    2.281    2.454
            0.080271 -0.139038  0.000000
  -15.588  -14.495  -14.464  -14.389  -14.239  -14.123  -13.977  -13.880  -13.748  -13.710
  -13.623  -13.517  -13.445  -13.334  -13.285  -13.107  -13.010   -7.038   -6.974   -6.901
   -6.831   -6.781   -6.702   -6.617   -6.507   -6.447   -6.215   -6.214   -5.964   -5.806
   -5.686   -5.567   -5.438   -5.406   -5.344   -5.299   -5.295   -5.229   -5.228   -5.069
   -4.921   -4.894   -4.784   -4.486   -4.411   -4.332   -4.157   -4.083   -3.973   -3.915
   -3.826   -3.743   -3.489   -3.436   -3.402   -3.248   -3.108   -3.026   -2.943   -2.862
   -2.787   -2.753   -2.666   -2.662   -2.555   -2.504   -2.434   -2.378   -2.240   -2.215
   -2.206   -2.141   -2.059   -2.009   -1.529   -1.259   -1.246   -1.118    0.195    0.206
    1.045    1.049    1.193    1.247    1.325    1.396    1.450    1.537    1.571    1.659
    1.727    1.730    1.855    1.886    2.018    2.064    2.152    2.221    2.297    2.475
            0.072244 -0.125135  0.000000
  -15.594  -14.472  -14.448  -14.386  -14.243  -14.131  -14.001  -13.889  -13.735  -13.706
  -13.624  -13.524  -13.458  -13.333  -13.280  -13.104  -13.006   -7.044   -6.954   -6.892
   -6.838   -6.779   -6.706   -6.620   -6.515   -6.459   -6.188   -6.186   -5.944   -5.791
   -5.684   -5.575   -5.465   -5.439   -5.348   -5.317   -5.305   -5.233   -5.232   -5.067
   -4.927   -4.904   -4.800   -4.481   -4.402   -4.335   -4.139   -4.060   -3.968   -3.910
   -3.819   -3.746   -3.484   -3.418   -3.401   -3.258   -3.113   -3.022   -2.948   -2.877
   -2.793   -2.762   -2.638   -2.637   -2.540   -2.501   -2.422   -2.375   -2.252   -2.227
   -2.222   -2.159   -2.074   -2.025   -1.530   -1.246   -1.237   -1.114    0.192    0.201
    1.034    1.037    1.208    1.260    1.332    1.399    1.445    1.528    1.566    1.639
    1.712    1.715    1.854    1.879    2.019    2.055    2.163    2.222    2.315    2.494
            0.064217 -0.111231  0.000000
  -15.599  -14.453  -14.431  -14.379  -14.246  -14.139  -14.025  -13.898  -13.723  -13.701
  -13.626  -13.531  -13.472  -13.333  -13.275  -13.101  -13.003   -7.049   -6.936   -6.885
   -6.844   -6.776   -6.710   -6.623   -6.523   -6.472   -6.159   -6.157   -5.924   -5.777
   -5.681   -5.584   -5.494   -5.472   -5.354   -5.335   -5.312   -5.236   -5.235   -5.065
   -4.932   -4.914   -4.814   -4.475   -4.394   -4.339   -4.121   -4.039   -3.964   -3.908
   -3.811   -3.750   -3.482   -3.401   -3.400   -3.266   -3.118   -3.018   -2.951   -2.892
   -2.800   -2.771   -2.613   -2.610   -2.528   -2.496   -2.410   -2.371   -2.264   -2.241
   -2.235   -2.177   -2.089   -2.042   -1.532   -1.235   -1.228   -1.109    0.190    0.196
    1.023    1.026    1.223    1.273    1.339    1.402    1.442    1.517    1.561    1.620
    1.696    1.703    1.853    1.873    2.018    2.047    2.173    2.223    2.333    2.513
            0.056190 -0.097327  0.000000
  -15.604  -14.443  -14.411  -14.368  -14.250  -14.149  -14.049  -13.908  -13.711  -13.696
  -13.626  -13.538  -13.485  -13.333  -13.271  -13.098  -13.000   -7.054   -6.917   -6.880
   -6.848   -6.771   -6.714   -6.626   -6.530   -6.485   -6.131   -6.129   -5.905   -5.763
   -5.679   -5.595   -5.524   -5.503   -5.361   -5.352   -5.318   -5.238   -5.237   -5.064
   -4.937   -4.922   -4.825   -4.469   -4.387   -4.342   -4.103   -4.019   -3.960   -3.909
   -3.802   -3.753   -3.480   -3.399   -3.382   -3.275   -3.124   -3.012   -2.954   -2.907
   -2.807   -2.782   -2.588   -2.583   -2.518   -2.489   -2.398   -2.366   -2.275   -2.256
   -2.247   -2.194   -2.103   -2.059   -1.533   -1.224   -1.219   -1.105    0.188    0.192
    1.014    1.016    1.239    1.287    1.346    1.404    1.439    1.506    1.558    1.603
    1.680    1.691    1.852    1.868    2.017    2.039    2.184    2.223    2.350    2.530
            0.048163 -0.083423  0.000000
  -15.608  -14.438  -14.388  -14.355  -14.252  -14.158  -14.074  -13.917  -13.700  -13.690
  -13.625  -13.544  -13.499  -13.332  -13.267  -13.096  -12.997   -7.058   -6.901   -6.875
   -6.851   -6.765   -6.717   -6.629   -6.537   -6.499   -6.103   -6.101   -5.886   -5.749
   -5.677   -5.609   -5.555   -5.531   -5.370   -5.366   -5.323   -5.239   -5.238   -5.062
   -4.941   -4.930   -4.834   -4.464   -4.381   -4.346   -4.087   -4.001   -3.956   -3.913
   -3.794   -3.756   -3.479   -3.397   -3.366   -3.283   -3.131   -3.006   -2.957   -2.921
   -2.814   -2.793   -2.565   -2.558   -2.509   -2.479   -2.389   -2.359   -2.287   -2.271
   -2.257   -2.212   -2.115   -2.076   -1.534   -1.215   -1.212   -1.102    0.186    0.189
    1.005    1.007    1.256    1.301    1.353    1.404    1.438    1.493    1.555    1.589
    1.664    1.681    1.851    1.863    2.016    2.032    2.193    2.223    2.366    2.546
            0.040135 -0.069519  0.000000
  -15.612  -14.436  -14.365  -14.339  -14.254  -14.168  -14.098  -13.924  -13.690  -13.685
  -13.623  -13.550  -13.512  -13.332  -13.264  -13.094  -12.995   -7.062   -6.888   -6.872
   -6.851   -6.759   -6.722   -6.631   -6.543   -6.513   -6.076   -6.074   -5.868   -5.735
   -5.674   -5.624   -5.586   -5.557   -5.380   -5.378   -5.326   -5.240   -5.240   -5.060
   -4.945   -4.937   -4.842   -4.458   -4.375   -4.350   -4.070   -3.985   -3.953   -3.918
   -3.786   -3.759   -3.479   -3.395   -3.350   -3.290   -3.137   -3.000   -2.959   -2.933
   -2.821   -2.803   -2.543   -2.534   -2.501   -2.469   -2.384   -2.350   -2.298   -2.284
   -2.267   -2.228   -2.125   -2.093   -1.535   -1.207   -1.205   -1.099    0.184    0.186
    0.997    0.999    1.273    1.316    1.360    1.402    1.437    1.480    1.552    1.578
    1.649    1.672    1.850    1.859    2.016    2.027    2.202    2.222    2.381    2.560
            0.032108 -0.055615  0.000000
  -15.614  -14.435  -14.341  -14.324  -14.255  -14.179  -14.123  -13.931  -13.682  -13.680
  -13.618  -13.556  -13.526  -13.332  -13.261  -13.093  -12.993   -7.065   -6.880   -6.871
   -6.843   -6.754   -6.726   -6.632   -6.549   -6.526   -6.051   -6.049   -5.851   -5.721
   -5.673   -5.640   -5.615   -5.580   -5.390   -5.387   -5.328   -5.241   -5.241   -5.058
   -4.948   -4.942   -4.847   -4.453   -4.370   -4.353   -4.055   -3.972   -3.951   -3.924
   -3.779   -3.761   -3.479   -3.393   -3.337   -3.296   -3.144   -2.994   -2.960   -2.944
   -2.826   -2.814   -2.523   -2.513   -2.491   -2.458   -2.384   -2.342   -2.309   -2.294
   -2.276   -2.242   -2.134   -2.109   -1.536   -1.201   -1.200   -1.097    0.182    0.183
    0.991    0.992    1.290    1.330    1.366    1.398    1.435    1.466    1.551    1.570
    1.634    1.664    1.849    1.855    2.015    2.022    2.209    2.222    2.394    2.572
            0.024081 -0.041712  0.000000
  -15.617  -14.435  -14.319  -14.309  -14.253  -14.189  -14.147  -13.937  -13.676  -13.675
  -13.612  -13.561  -13.539  -13.332  -13.259  -13.091  -12.992   -7.067   -6.877   -6.871
   -6.831   -6.750   -6.732   -6.632   -6.553   -6.538   -6.028   -6.027   -5.835   -5.707
   -5.676   -5.657   -5.637   -5.602   -5.397   -5.395   -5.330   -5.242   -5.241   -5.057
   -4.950   -4.947   -4.851   -4.449   -4.366   -4.356   -4.042   -3.961   -3.949   -3.931
   -3.773   -3.763   -3.479   -3.391   -3.326   -3.302   -3.149   -2.988   -2.961   -2.952
   -2.831   -2.823   -2.507   -2.499   -2.477   -2.446   -2.387   -2.344   -2.311   -2.300
   -2.284   -2.254   -2.140   -2.124   -1.536   -1.196   -1.195   -1.095    0.181    0.181
    0.985    0.986    1.306    1.344    1.372    1.393    1.432    1.451    1.551    1.565
    1.621    1.658    1.849    1.852    2.014    2.018    2.214    2.222    2.404    2.581
            0.016054 -0.027808  0.000000
  -15.618  -14.435  -14.301  -14.296  -14.249  -14.199  -14.171  -13.941  -13.672  -13.671
  -13.604  -13.564  -13.551  -13.332  -13.258  -13.090  -12.991   -7.069   -6.875   -6.873
   -6.819   -6.747   -6.737   -6.630   -6.556   -6.548   -6.010   -6.010   -5.822   -5.693
   -5.683   -5.674   -5.648   -5.621   -5.403   -5.402   -5.331   -5.242   -5.242   -5.056
   -4.951   -4.950   -4.854   -4.446   -4.363   -4.359   -4.030   -3.953   -3.948   -3.937
   -3.769   -3.764   -3.479   -3.389   -3.317   -3.306   -3.154   -2.983   -2.962   -2.958
   -2.834   -2.830   -2.495   -2.492   -2.461   -2.432   -2.394   -2.357   -2.304   -2.303
   -2.290   -2.263   -2.145   -2.137   -1.537   -1.192   -1.192   -1.094    0.180    0.180
    0.982    0.982    1.322    1.357    1.377    1.387    1.428    1.438    1.554    1.562
    1.608    1.653    1.848    1.850    2.014    2.016    2.219    2.222    2.412    2.588
            0.008027 -0.013904  0.000000
  -15.619  -14.435  -14.289  -14.287  -14.238  -14.207  -14.194  -13.943  -13.669  -13.669
  -13.596  -13.567  -13.562  -13.332  -13.257  -13.090  -12.990   -7.070   -6.874   -6.873
   -6.809   -6.745   -6.743   -6.628   -6.558   -6.555   -5.998   -5.998   -5.813   -5.691
   -5.689   -5.677   -5.650   -5.639   -5.406   -5.406   -5.331   -5.242   -5.242   -5.055
   -4.952   -4.952   -4.856   -4.444   -4.361   -4.360   -4.022   -3.949   -3.947   -3.942
   -3.766   -3.765   -3.479   -3.388   -3.312   -3.309   -3.157   -2.981   -2.962   -2.961
   -2.836   -2.835   -2.488   -2.488   -2.446   -2.417   -2.402   -2.372   -2.304   -2.299
   -2.295   -2.267   -2.148   -2.146   -1.537   -1.190   -1.190   -1.093    0.179    0.179
    0.979    0.980    1.335    1.368    1.376    1.383    1.424    1.427    1.558    1.561
    1.599    1.651    1.848    1.849    2.014    2.014    2.221    2.222    2.417    2.592
            0.000000  0.000000  0.000000
  -15.620  -14.435  -14.284  -14.284  -14.226  -14.210  -14.210  -13.944  -13.669  -13.669
  -13.591  -13.568  -13.568  -13.332  -13.257  -13.090  -12.990   -7.070   -6.874   -6.874
   -6.806   -6.745   -6.745   -6.627   -6.558   -6.558   -5.994   -5.994   -5.809   -5.694
   -5.694   -5.667   -5.651   -5.650   -5.407   -5.407   -5.331   -5.242   -5.242   -5.055
   -4.953   -4.953   -4.857   -4.443   -4.361   -4.361   -4.020   -3.948   -3.947   -3.943
   -3.766   -3.765   -3.479   -3.387   -3.310   -3.310   -3.158   -2.980   -2.962   -2.962
   -2.837   -2.837   -2.486   -2.486   -2.439   -2.407   -2.407   -2.381   -2.304   -2.297
   -2.297   -2.268   -2.149   -2.149   -1.537   -1.189   -1.189   -1.092    0.179    0.179
    0.979    0.979    1.341    1.373    1.373    1.382    1.422    1.422    1.560    1.560
    1.595    1.650    1.848    1.848    2.013    2.014    2.222    2.222    2.419    2.594
