#  E (eV)   dos(E)     Int dos(E) EFermi =    0.000 eV
 -17.660  0.4864E-04  0.4864E-05
 -17.560  0.1205E-03  0.1691E-04
 -17.460  0.2863E-03  0.4554E-04
 -17.360  0.6532E-03  0.1109E-03
 -17.260  0.1431E-02  0.2539E-03
 -17.160  0.3008E-02  0.5548E-03
 -17.060  0.6076E-02  0.1162E-02
 -16.960  0.1179E-01  0.2341E-02
 -16.860  0.2198E-01  0.4539E-02
 -16.760  0.3939E-01  0.8478E-02
 -16.660  0.6791E-01  0.1527E-01
 -16.560  0.1126E+00  0.2653E-01
 -16.460  0.1799E+00  0.4452E-01
 -16.360  0.2767E+00  0.7219E-01
 -16.260  0.4105E+00  0.1132E+00
 -16.160  0.5878E+00  0.1720E+00
 -16.060  0.8132E+00  0.2534E+00
 -15.960  0.1089E+01  0.3622E+00
 -15.860  0.1413E+01  0.5035E+00
 -15.760  0.1781E+01  0.6816E+00
 -15.660  0.2186E+01  0.9002E+00
 -15.560  0.2619E+01  0.1162E+01
 -15.460  0.3076E+01  0.1470E+01
 -15.360  0.3552E+01  0.1825E+01
 -15.260  0.4051E+01  0.2230E+01
 -15.160  0.4579E+01  0.2688E+01
 -15.060  0.5151E+01  0.3203E+01
 -14.960  0.5783E+01  0.3781E+01
 -14.860  0.6493E+01  0.4431E+01
 -14.760  0.7296E+01  0.5160E+01
 -14.660  0.8203E+01  0.5981E+01
 -14.560  0.9216E+01  0.6902E+01
 -14.460  0.1033E+02  0.7935E+01
 -14.360  0.1152E+02  0.9087E+01
 -14.260  0.1277E+02  0.1036E+02
 -14.160  0.1403E+02  0.1177E+02
 -14.060  0.1524E+02  0.1329E+02
 -13.960  0.1634E+02  0.1492E+02
 -13.860  0.1727E+02  0.1665E+02
 -13.760  0.1793E+02  0.1844E+02
 -13.660  0.1827E+02  0.2027E+02
 -13.560  0.1823E+02  0.2209E+02
 -13.460  0.1777E+02  0.2387E+02
 -13.360  0.1689E+02  0.2556E+02
 -13.260  0.1564E+02  0.2712E+02
 -13.160  0.1407E+02  0.2853E+02
 -13.060  0.1228E+02  0.2976E+02
 -12.960  0.1040E+02  0.3080E+02
 -12.860  0.8519E+01  0.3165E+02
 -12.760  0.6751E+01  0.3233E+02
 -12.660  0.5169E+01  0.3284E+02
 -12.560  0.3821E+01  0.3323E+02
 -12.460  0.2725E+01  0.3350E+02
 -12.360  0.1874E+01  0.3368E+02
 -12.260  0.1241E+01  0.3381E+02
 -12.160  0.7919E+00  0.3389E+02
 -12.060  0.4864E+00  0.3394E+02
 -11.960  0.2874E+00  0.3397E+02
 -11.860  0.1634E+00  0.3398E+02
 -11.760  0.8932E-01  0.3399E+02
 -11.660  0.4694E-01  0.3400E+02
 -11.560  0.2371E-01  0.3400E+02
 -11.460  0.1151E-01  0.3400E+02
 -11.360  0.5365E-02  0.3400E+02
 -11.260  0.2403E-02  0.3400E+02
 -11.160  0.1033E-02  0.3400E+02
 -11.060  0.4267E-03  0.3400E+02
 -10.960  0.1692E-03  0.3400E+02
 -10.860  0.6440E-04  0.3400E+02
 -10.760  0.2352E-04  0.3400E+02
 -10.660  0.8248E-05  0.3400E+02
 -10.560  0.2775E-05  0.3400E+02
 -10.460  0.8964E-06  0.3400E+02
 -10.360  0.2793E-06  0.3400E+02
 -10.260  0.8902E-07  0.3400E+02
 -10.160  0.4680E-07  0.3400E+02
 -10.060  0.8589E-07  0.3400E+02
  -9.960  0.2617E-06  0.3400E+02
  -9.860  0.8168E-06  0.3400E+02
  -9.760  0.2459E-05  0.3400E+02
  -9.660  0.7104E-05  0.3400E+02
  -9.560  0.1970E-04  0.3400E+02
  -9.460  0.5245E-04  0.3400E+02
  -9.360  0.1341E-03  0.3400E+02
  -9.260  0.3291E-03  0.3400E+02
  -9.160  0.7762E-03  0.3400E+02
  -9.060  0.1759E-02  0.3400E+02
  -8.960  0.3834E-02  0.3400E+02
  -8.860  0.8038E-02  0.3400E+02
  -8.760  0.1622E-01  0.3400E+02
  -8.660  0.3150E-01  0.3401E+02
  -8.560  0.5896E-01  0.3401E+02
  -8.460  0.1064E+00  0.3402E+02
  -8.360  0.1851E+00  0.3404E+02
  -8.260  0.3111E+00  0.3407E+02
  -8.160  0.5050E+00  0.3412E+02
  -8.060  0.7927E+00  0.3420E+02
  -7.960  0.1204E+01  0.3432E+02
  -7.860  0.1770E+01  0.3450E+02
  -7.760  0.2522E+01  0.3475E+02
  -7.660  0.3485E+01  0.3510E+02
  -7.560  0.4671E+01  0.3557E+02
  -7.460  0.6079E+01  0.3618E+02
  -7.360  0.7682E+01  0.3694E+02
  -7.260  0.9432E+01  0.3789E+02
  -7.160  0.1126E+02  0.3901E+02
  -7.060  0.1306E+02  0.4032E+02
  -6.960  0.1474E+02  0.4179E+02
  -6.860  0.1620E+02  0.4341E+02
  -6.760  0.1734E+02  0.4515E+02
  -6.660  0.1810E+02  0.4696E+02
  -6.560  0.1847E+02  0.4880E+02
  -6.460  0.1846E+02  0.5065E+02
  -6.360  0.1814E+02  0.5246E+02
  -6.260  0.1762E+02  0.5423E+02
  -6.160  0.1702E+02  0.5593E+02
  -6.060  0.1646E+02  0.5757E+02
  -5.960  0.1606E+02  0.5918E+02
  -5.860  0.1590E+02  0.6077E+02
  -5.760  0.1604E+02  0.6237E+02
  -5.660  0.1647E+02  0.6402E+02
  -5.560  0.1715E+02  0.6574E+02
  -5.460  0.1803E+02  0.6754E+02
  -5.360  0.1900E+02  0.6944E+02
  -5.260  0.2000E+02  0.7144E+02
  -5.160  0.2093E+02  0.7353E+02
  -5.060  0.2172E+02  0.7570E+02
  -4.960  0.2235E+02  0.7794E+02
  -4.860  0.2277E+02  0.8022E+02
  -4.760  0.2299E+02  0.8252E+02
  -4.660  0.2301E+02  0.8482E+02
  -4.560  0.2286E+02  0.8710E+02
  -4.460  0.2254E+02  0.8936E+02
  -4.360  0.2212E+02  0.9157E+02
  -4.260  0.2162E+02  0.9373E+02
  -4.160  0.2110E+02  0.9584E+02
  -4.060  0.2062E+02  0.9790E+02
  -3.960  0.2024E+02  0.9993E+02
  -3.860  0.2000E+02  0.1019E+03
  -3.760  0.1993E+02  0.1039E+03
  -3.660  0.2005E+02  0.1059E+03
  -3.560  0.2035E+02  0.1080E+03
  -3.460  0.2077E+02  0.1100E+03
  -3.360  0.2127E+02  0.1122E+03
  -3.260  0.2176E+02  0.1143E+03
  -3.160  0.2219E+02  0.1166E+03
  -3.060  0.2250E+02  0.1188E+03
  -2.960  0.2264E+02  0.1211E+03
  -2.860  0.2262E+02  0.1233E+03
  -2.760  0.2244E+02  0.1256E+03
  -2.660  0.2214E+02  0.1278E+03
  -2.560  0.2177E+02  0.1300E+03
  -2.460  0.2136E+02  0.1321E+03
  -2.360  0.2094E+02  0.1342E+03
  -2.260  0.2051E+02  0.1362E+03
  -2.160  0.2005E+02  0.1383E+03
  -2.060  0.1954E+02  0.1402E+03
  -1.960  0.1894E+02  0.1421E+03
  -1.860  0.1820E+02  0.1439E+03
  -1.760  0.1729E+02  0.1456E+03
  -1.660  0.1619E+02  0.1473E+03
  -1.560  0.1491E+02  0.1488E+03
  -1.460  0.1348E+02  0.1501E+03
  -1.360  0.1193E+02  0.1513E+03
  -1.260  0.1033E+02  0.1523E+03
  -1.160  0.8746E+01  0.1532E+03
  -1.060  0.7236E+01  0.1539E+03
  -0.960  0.5864E+01  0.1545E+03
  -0.860  0.4682E+01  0.1550E+03
  -0.760  0.3725E+01  0.1554E+03
  -0.660  0.3014E+01  0.1557E+03
  -0.560  0.2554E+01  0.1559E+03
  -0.460  0.2334E+01  0.1561E+03
  -0.360  0.2327E+01  0.1564E+03
  -0.260  0.2501E+01  0.1566E+03
  -0.160  0.2814E+01  0.1569E+03
  -0.060  0.3228E+01  0.1572E+03
   0.040  0.3711E+01  0.1576E+03
   0.140  0.4247E+01  0.1580E+03
   0.240  0.4837E+01  0.1585E+03
   0.340  0.5503E+01  0.1591E+03
   0.440  0.6282E+01  0.1597E+03
   0.540  0.7220E+01  0.1604E+03
   0.640  0.8358E+01  0.1613E+03
   0.740  0.9724E+01  0.1622E+03
   0.840  0.1132E+02  0.1634E+03
   0.940  0.1312E+02  0.1647E+03
   1.040  0.1507E+02  0.1662E+03
   1.140  0.1708E+02  0.1679E+03
   1.240  0.1907E+02  0.1698E+03
   1.340  0.2092E+02  0.1719E+03
   1.440  0.2253E+02  0.1741E+03
   1.540  0.2380E+02  0.1765E+03
   1.640  0.2464E+02  0.1790E+03
   1.740  0.2499E+02  0.1815E+03
   1.840  0.2478E+02  0.1840E+03
   1.940  0.2402E+02  0.1864E+03
   2.040  0.2272E+02  0.1886E+03
   2.140  0.2095E+02  0.1907E+03
   2.240  0.1881E+02  0.1926E+03
   2.340  0.1641E+02  0.1942E+03
   2.440  0.1390E+02  0.1956E+03
   2.540  0.1142E+02  0.1968E+03
   2.640  0.9091E+01  0.1977E+03
   2.740  0.7002E+01  0.1984E+03
   2.840  0.5215E+01  0.1989E+03
   2.940  0.3752E+01  0.1993E+03
   3.040  0.2606E+01  0.1995E+03
   3.140  0.1747E+01  0.1997E+03
   3.240  0.1129E+01  0.1998E+03
   3.340  0.7030E+00  0.1999E+03
   3.440  0.4218E+00  0.1999E+03
   3.540  0.2438E+00  0.2000E+03
   3.640  0.1356E+00  0.2000E+03
   3.740  0.7260E-01  0.2000E+03
   3.840  0.3740E-01  0.2000E+03
   3.940  0.1853E-01  0.2000E+03
   4.040  0.8834E-02  0.2000E+03
   4.140  0.4049E-02  0.2000E+03
   4.240  0.1784E-02  0.2000E+03
   4.340  0.7561E-03  0.2000E+03
   4.440  0.3080E-03  0.2000E+03
   4.540  0.1206E-03  0.2000E+03
